STARLINK-1000
1 44713U 19074A   25180.50000000  .00002182  00000+0  16770-3 0  9997
2 44713  53.0538   0.0000 0001450  80.0000   0.0000 15.06389123000001
STARLINK-1001
1 44714U 19074A   25180.50000000  .00002182  00000+0  16770-3 0  9998
2 44714  53.0538   6.1370 0001450  80.7000  17.9130 15.06390123000133
STARLINK-1002
1 44715U 19074A   25180.50000000  .00002182  00000+0  16770-3 0  9999
2 44715  53.0538  12.2740 0001450  81.4000  35.8260 15.06391123000269
STARLINK-1003
1 44716U 19074A   25180.50000000  .00002182  00000+0  16770-3 0  9990
2 44716  53.0538  18.4110 0001450  82.1000  53.7390 15.06392123000395
STARLINK-1004
1 44717U 19074A   25180.50000000  .00002182  00000+0  16770-3 0  9991
2 44717  53.0538  24.5480 0001450  82.8000  71.6520 15.06393123000521
STARLINK-1005
1 44718U 19074A   25180.50000000  .00002182  00000+0  16770-3 0  9992
2 44718  53.0538  30.6850 0001450  83.5000  89.5650 15.06394123000656
STARLINK-1006
1 44719U 19074A   25180.50000000  .00002182  00000+0  16770-3 0  9993
2 44719  53.0538  36.8220 0001450  84.2000 107.4780 15.06395123000783
STARLINK-1007
1 44720U 19074A   25180.50000000  .00002182  00000+0  16770-3 0  9995
2 44720  53.0538  42.9590 0001450  84.9000 125.3910 15.06396123000910
STARLINK-1008
1 44721U 19074A   25180.50000000  .00002182  00000+0  16770-3 0  9996
2 44721  53.0538  49.0960 0001450  85.6000 143.3040 15.06397123001048
STARLINK-1009
1 44722U 19074A   25180.50000000  .00002182  00000+0  16770-3 0  9997
2 44722  53.0538  55.2330 0001450  86.3000 161.2170 15.06398123001175
STARLINK-1010
1 44723U 19074A   25180.50000000  .00002182  00000+0  16770-3 0  9998
2 44723  53.0538  61.3700 0001450  87.0000 179.1300 15.06399123001302
STARLINK-1011
1 44724U 19074A   25180.50000000  .00002182  00000+0  16770-3 0  9999
2 44724  53.0538  67.5070 0001450  87.7000 197.0430 15.06400123001438
STARLINK-1012
1 44725U 19074A   25180.50000000  .00002182  00000+0  16770-3 0  9990
2 44725  53.0538  73.6440 0001450  88.4000 214.9560 15.06401123001564
STARLINK-1013
1 44726U 19074A   25180.50000000  .00002182  00000+0  16770-3 0  9991
2 44726  53.0538  79.7810 0001450  89.1000 232.8690 15.06402123001699
STARLINK-1014
1 44727U 19074A   25180.50000000  .00002182  00000+0  16770-3 0  9992
2 44727  53.0538  85.9180 0001450  89.8000 250.7820 15.06403123001826
STARLINK-1015
1 44728U 19074A   25180.50000000  .00002182  00000+0  16770-3 0  9993
2 44728  53.0538  92.0550 0001450  90.5000 268.6950 15.06404123001953
STARLINK-1016
1 44729U 19074A   25180.50000000  .00002182  00000+0  16770-3 0  9994
2 44729  53.0538  98.1920 0001450  91.2000 286.6080 15.06405123002080
STARLINK-1017
1 44730U 19074A   25180.50000000  .00002182  00000+0  16770-3 0  9996
2 44730  53.0538 104.3290 0001450  91.9000 304.5210 15.06406123002210
STARLINK-1018
1 44731U 19074A   25180.50000000  .00002182  00000+0  16770-3 0  9997
2 44731  53.0538 110.4660 0001450  92.6000 322.4340 15.06407123002346
STARLINK-1019
1 44732U 19074A   25180.50000000  .00002182  00000+0  16770-3 0  9998
2 44732  53.0538 116.6030 0001450  93.3000 340.3470 15.06408123002472
STARLINK-1020
1 44733U 19074A   25180.50000000  .00002182  00000+0  16770-3 0  9999
2 44733  53.0538 122.7400 0001450  94.0000 358.2600 15.06409123002609
STARLINK-1021
1 44734U 19074A   25180.50000000  .00002182  00000+0  16770-3 0  9990
2 44734  53.0538 128.8770 0001450  94.7000  16.1730 15.06410123002734
STARLINK-1022
1 44735U 19074A   25180.50000000  .00002182  00000+0  16770-3 0  9991
2 44735  53.0538 135.0140 0001450  95.4000  34.0860 15.06411123002862
STARLINK-1023
1 44736U 19074A   25180.50000000  .00002182  00000+0  16770-3 0  9992
2 44736  53.0538 141.1510 0001450  96.1000  51.9990 15.06412123002997
STARLINK-1024
1 44737U 19074A   25180.50000000  .00002182  00000+0  16770-3 0  9993
2 44737  53.0538 147.2880 0001450  96.8000  69.9120 15.06413123003123
STARLINK-1025
1 44738U 19074A   25180.50000000  .00002182  00000+0  16770-3 0  9994
2 44738  53.0538 153.4250 0001450  97.5000  87.8250 15.06414123003250
STARLINK-1026
1 44739U 19074A   25180.50000000  .00002182  00000+0  16770-3 0  9995
2 44739  53.0538 159.5620 0001450  98.2000 105.7380 15.06415123003386
STARLINK-1027
1 44740U 19074A   25180.50000000  .00002182  00000+0  16770-3 0  9997
2 44740  53.0538 165.6990 0001450  98.9000 123.6510 15.06416123003513
STARLINK-1028
1 44741U 19074A   25180.50000000  .00002182  00000+0  16770-3 0  9998
2 44741  53.0538 171.8360 0001450  99.6000 141.5640 15.06417123003640
STARLINK-1029
1 44742U 19074A   25180.50000000  .00002182  00000+0  16770-3 0  9999
2 44742  53.0538 177.9730 0001450 100.3000 159.4770 15.06418123003776
STARLINK-1030
1 44743U 19074A   25180.50000000  .00002182  00000+0  16770-3 0  9990
2 44743  53.0538 184.1100 0001450 101.0000 177.3900 15.06419123003906
STARLINK-1031
1 44744U 19074A   25180.50000000  .00002182  00000+0  16770-3 0  9991
2 44744  53.0538 190.2470 0001450 101.7000 195.3030 15.06420123004033
STARLINK-1032
1 44745U 19074A   25180.50000000  .00002182  00000+0  16770-3 0  9992
2 44745  53.0538 196.3840 0001450 102.4000 213.2160 15.06421123004169
STARLINK-1033
1 44746U 19074A   25180.50000000  .00002182  00000+0  16770-3 0  9993
2 44746  53.0538 202.5210 0001450 103.1000 231.1290 15.06422123004297
STARLINK-1034
1 44747U 19074A   25180.50000000  .00002182  00000+0  16770-3 0  9994
2 44747  53.0538 208.6580 0001450 103.8000 249.0420 15.06423123004421
STARLINK-1035
1 44748U 19074A   25180.50000000  .00002182  00000+0  16770-3 0  9995
2 44748  53.0538 214.7950 0001450 104.5000 266.9550 15.06424123004556
STARLINK-1036
1 44749U 19074A   25180.50000000  .00002182  00000+0  16770-3 0  9996
2 44749  53.0538 220.9320 0001450 105.2000 284.8680 15.06425123004683
STARLINK-1037
1 44750U 19074A   25180.50000000  .00002182  00000+0  16770-3 0  9998
2 44750  53.0538 227.0690 0001450 105.9000 302.7810 15.06426123004811
STARLINK-1038
1 44751U 19074A   25180.50000000  .00002182  00000+0  16770-3 0  9999
2 44751  53.0538 233.2060 0001450 106.6000 320.6940 15.06427123004948
STARLINK-1039
1 44752U 19074A   25180.50000000  .00002182  00000+0  16770-3 0  9990
2 44752  53.0538 239.3430 0001450 107.3000 338.6070 15.06428123005074
STARLINK-1040
1 44753U 19074A   25180.50000000  .00002182  00000+0  16770-3 0  9991
2 44753  53.0538 245.4800 0001450 108.0000 356.5200 15.06429123005202
STARLINK-1041
1 44754U 19074A   25180.50000000  .00002182  00000+0  16770-3 0  9992
2 44754  53.0538 251.6170 0001450 108.7000  14.4330 15.06430123005339
STARLINK-1042
1 44755U 19074A   25180.50000000  .00002182  00000+0  16770-3 0  9993
2 44755  53.0538 257.7540 0001450 109.4000  32.3460 15.06431123005464
STARLINK-1043
1 44756U 19074A   25180.50000000  .00002182  00000+0  16770-3 0  9994
2 44756  53.0538 263.8910 0001450 110.1000  50.2590 15.06432123005591
STARLINK-1044
1 44757U 19074A   25180.50000000  .00002182  00000+0  16770-3 0  9995
2 44757  53.0538 270.0280 0001450 110.8000  68.1720 15.06433123005728
STARLINK-1045
1 44758U 19074A   25180.50000000  .00002182  00000+0  16770-3 0  9996
2 44758  53.0538 276.1650 0001450 111.5000  86.0850 15.06434123005853
STARLINK-1046
1 44759U 19074A   25180.50000000  .00002182  00000+0  16770-3 0  9997
2 44759  53.0538 282.3020 0001450 112.2000 103.9980 15.06435123005980
STARLINK-1047
1 44760U 19074A   25180.50000000  .00002182  00000+0  16770-3 0  9999
2 44760  53.0538 288.4390 0001450 112.9000 121.9110 15.06436123006118
STARLINK-1048
1 44761U 19074A   25180.50000000  .00002182  00000+0  16770-3 0  9990
2 44761  53.0538 294.5760 0001450 113.6000 139.8240 15.06437123006243
STARLINK-1049
1 44762U 19074A   25180.50000000  .00002182  00000+0  16770-3 0  9991
2 44762  53.0538 300.7130 0001450 114.3000 157.7370 15.06438123006371
STARLINK-1050
1 44763U 19074A   25180.50000000  .00002182  00000+0  16770-3 0  9992
2 44763  53.0538 306.8500 0001450 115.0000 175.6500 15.06389123006502
STARLINK-1051
1 44764U 19074A   25180.50000000  .00002182  00000+0  16770-3 0  9993
2 44764  53.0538 312.9870 0001450 115.7000 193.5630 15.06390123006637
STARLINK-1052
1 44765U 19074A   25180.50000000  .00002182  00000+0  16770-3 0  9994
2 44765  53.0538 319.1240 0001450 116.4000 211.4760 15.06391123006765
STARLINK-1053
1 44766U 19074A   25180.50000000  .00002182  00000+0  16770-3 0  9995
2 44766  53.0538 325.2610 0001450 117.1000 229.3890 15.06392123006890
STARLINK-1054
1 44767U 19074A   25180.50000000  .00002182  00000+0  16770-3 0  9996
2 44767  53.0538 331.3980 0001450 117.8000 247.3020 15.06393123007028
STARLINK-1055
1 44768U 19074A   25180.50000000  .00002182  00000+0  16770-3 0  9997
2 44768  53.0538 337.5350 0001450 118.5000 265.2150 15.06394123007154
STARLINK-1056
1 44769U 19074A   25180.50000000  .00002182  00000+0  16770-3 0  9998
2 44769  53.0538 343.6720 0001450 119.2000 283.1280 15.06395123007280
STARLINK-1057
1 44770U 19074A   25180.50000000  .00002182  00000+0  16770-3 0  9990
2 44770  53.0538 349.8090 0001450 119.9000 301.0410 15.06396123007418
STARLINK-1058
1 44771U 19074A   25180.50000000  .00002182  00000+0  16770-3 0  9991
2 44771  53.0538 355.9460 0001450 120.6000 318.9540 15.06397123007543
STARLINK-1059
1 44772U 19074A   25180.50000000  .00002182  00000+0  16770-3 0  9992
2 44772  53.0538   2.0830 0001450 121.3000 336.8670 15.06398123007671
STARLINK-1060
1 44773U 19074A   25180.50000000  .00002182  00000+0  16770-3 0  9993
2 44773  53.0538   8.2200 0001450 122.0000 354.7800 15.06399123007809
STARLINK-1061
1 44774U 19074A   25180.50000000  .00002182  00000+0  16770-3 0  9994
2 44774  53.0538  14.3570 0001450 122.7000  12.6930 15.06400123007936
STARLINK-1062
1 44775U 19074A   25180.50000000  .00002182  00000+0  16770-3 0  9995
2 44775  53.0538  20.4940 0001450 123.4000  30.6060 15.06401123008064
STARLINK-1063
1 44776U 19074A   25180.50000000  .00002182  00000+0  16770-3 0  9996
2 44776  53.0538  26.6310 0001450 124.1000  48.5190 15.06402123008199
STARLINK-1064
1 44777U 19074A   25180.50000000  .00002182  00000+0  16770-3 0  9997
2 44777  53.0538  32.7680 0001450 124.8000  66.4320 15.06403123008325
STARLINK-1065
1 44778U 19074A   25180.50000000  .00002182  00000+0  16770-3 0  9998
2 44778  53.0538  38.9050 0001450 125.5000  84.3450 15.06404123008451
STARLINK-1066
1 44779U 19074A   25180.50000000  .00002182  00000+0  16770-3 0  9999
2 44779  53.0538  45.0420 0001450 126.2000 102.2580 15.06405123008589
STARLINK-1067
1 44780U 19074A   25180.50000000  .00002182  00000+0  16770-3 0  9991
2 44780  53.0538  51.1790 0001450 126.9000 120.1710 15.06406123008716
STARLINK-1068
1 44781U 19074A   25180.50000000  .00002182  00000+0  16770-3 0  9992
2 44781  53.0538  57.3160 0001450 127.6000 138.0840 15.06407123008841
STARLINK-1069
1 44782U 19074A   25180.50000000  .00002182  00000+0  16770-3 0  9993
2 44782  53.0538  63.4530 0001450 128.3000 155.9970 15.06408123008976
STARLINK-1070
1 44783U 19074A   25180.50000000  .00002182  00000+0  16770-3 0  9994
2 44783  53.0538  69.5900 0001450 129.0000 173.9100 15.06409123009105
STARLINK-1071
1 44784U 19074A   25180.50000000  .00002182  00000+0  16770-3 0  9995
2 44784  53.0538  75.7270 0001450 129.7000 191.8230 15.06410123009231
STARLINK-1072
1 44785U 19074A   25180.50000000  .00002182  00000+0  16770-3 0  9996
2 44785  53.0538  81.8640 0001450 130.4000 209.7360 15.06411123009368
STARLINK-1073
1 44786U 19074A   25180.50000000  .00002182  00000+0  16770-3 0  9997
2 44786  53.0538  88.0010 0001450 131.1000 227.6490 15.06412123009495
STARLINK-1074
1 44787U 19074A   25180.50000000  .00002182  00000+0  16770-3 0  9998
2 44787  53.0538  94.1380 0001450 131.8000 245.5620 15.06413123009621
STARLINK-1075
1 44788U 19074A   25180.50000000  .00002182  00000+0  16770-3 0  9999
2 44788  53.0538 100.2750 0001450 132.5000 263.4750 15.06414123009758
STARLINK-1076
1 44789U 19074A   25180.50000000  .00002182  00000+0  16770-3 0  9990
2 44789  53.0538 106.4120 0001450 133.2000 281.3880 15.06415123009884
STARLINK-1077
1 44790U 19074A   25180.50000000  .00002182  00000+0  16770-3 0  9992
2 44790  53.0538 112.5490 0001450 133.9000 299.3010 15.06416123010013
STARLINK-1078
1 44791U 19074A   25180.50000000  .00002182  00000+0  16770-3 0  9993
2 44791  53.0538 118.6860 0001450 134.6000 317.2140 15.06417123010149
STARLINK-1079
1 44792U 19074A   25180.50000000  .00002182  00000+0  16770-3 0  9994
2 44792  53.0538 124.8230 0001450 135.3000 335.1270 15.06418123010276
STARLINK-1080
1 44793U 19074A   25180.50000000  .00002182  00000+0  16770-3 0  9995
2 44793  53.0538 130.9600 0001450 136.0000 353.0400 15.06419123010404
STARLINK-1081
1 44794U 19074A   25180.50000000  .00002182  00000+0  16770-3 0  9996
2 44794  53.0538 137.0970 0001450 136.7000  10.9530 15.06420123010539
STARLINK-1082
1 44795U 19074A   25180.50000000  .00002182  00000+0  16770-3 0  9997
2 44795  53.0538 143.2340 0001450 137.4000  28.8660 15.06421123010665
STARLINK-1083
1 44796U 19074A   25180.50000000  .00002182  00000+0  16770-3 0  9998
2 44796  53.0538 149.3710 0001450 138.1000  46.7790 15.06422123010790
STARLINK-1084
1 44797U 19074A   25180.50000000  .00002182  00000+0  16770-3 0  9999
2 44797  53.0538 155.5080 0001450 138.8000  64.6920 15.06423123010927
STARLINK-1085
1 44798U 19074A   25180.50000000  .00002182  00000+0  16770-3 0  9990
2 44798  53.0538 161.6450 0001450 139.5000  82.6050 15.06424123011055
STARLINK-1086
1 44799U 19074A   25180.50000000  .00002182  00000+0  16770-3 0  9991
2 44799  53.0538 167.7820 0001450 140.2000 100.5180 15.06425123011182
STARLINK-1087
1 44800U 19074A   25180.50000000  .00002182  00000+0  16770-3 0  9994
2 44800  53.0538 173.9190 0001450 140.9000 118.4310 15.06426123011310
STARLINK-1088
1 44801U 19074A   25180.50000000  .00002182  00000+0  16770-3 0  9995
2 44801  53.0538 180.0560 0001450 141.6000 136.3440 15.06427123011447
STARLINK-1089
1 44802U 19074A   25180.50000000  .00002182  00000+0  16770-3 0  9996
2 44802  53.0538 186.1930 0001450 142.3000 154.2570 15.06428123011572
STARLINK-1090
1 44803U 19074A   25180.50000000  .00002182  00000+0  16770-3 0  9997
2 44803  53.0538 192.3300 0001450 143.0000 172.1700 15.06429123011701
STARLINK-1091
1 44804U 19074A   25180.50000000  .00002182  00000+0  16770-3 0  9998
2 44804  53.0538 198.4670 0001450 143.7000 190.0830 15.06430123011835
STARLINK-1092
1 44805U 19074A   25180.50000000  .00002182  00000+0  16770-3 0  9999
2 44805  53.0538 204.6040 0001450 144.4000 207.9960 15.06431123011962
STARLINK-1093
1 44806U 19074A   25180.50000000  .00002182  00000+0  16770-3 0  9990
2 44806  53.0538 210.7410 0001450 145.1000 225.9090 15.06432123012090
STARLINK-1094
1 44807U 19074A   25180.50000000  .00002182  00000+0  16770-3 0  9991
2 44807  53.0538 216.8780 0001450 145.8000 243.8220 15.06433123012225
STARLINK-1095
1 44808U 19074A   25180.50000000  .00002182  00000+0  16770-3 0  9992
2 44808  53.0538 223.0150 0001450 146.5000 261.7350 15.06434123012353
STARLINK-1096
1 44809U 19074A   25180.50000000  .00002182  00000+0  16770-3 0  9993
2 44809  53.0538 229.1520 0001450 147.2000 279.6480 15.06435123012487
STARLINK-1097
1 44810U 19074A   25180.50000000  .00002182  00000+0  16770-3 0  9995
2 44810  53.0538 235.2890 0001450 147.9000 297.5610 15.06436123012614
STARLINK-1098
1 44811U 19074A   25180.50000000  .00002182  00000+0  16770-3 0  9996
2 44811  53.0538 241.4260 0001450 148.6000 315.4740 15.06437123012742
STARLINK-1099
1 44812U 19074A   25180.50000000  .00002182  00000+0  16770-3 0  9997
2 44812  53.0538 247.5630 0001450 149.3000 333.3870 15.06438123012877
STARLINK-1100
1 44813U 19074A   25180.50000000  .00002182  00000+0  16770-3 0  9998
2 44813  53.0538 253.7000 0001450 150.0000 351.3000 15.06389123013003
STARLINK-1101
1 44814U 19074A   25180.50000000  .00002182  00000+0  16770-3 0  9999
2 44814  53.0538 259.8370 0001450 150.7000   9.2130 15.06390123013137
STARLINK-1102
1 44815U 19074A   25180.50000000  .00002182  00000+0  16770-3 0  9990
2 44815  53.0538 265.9740 0001450 151.4000  27.1260 15.06391123013263
STARLINK-1103
1 44816U 19074A   25180.50000000  .00002182  00000+0  16770-3 0  9991
2 44816  53.0538 272.1110 0001450 152.1000  45.0390 15.06392123013391
STARLINK-1104
1 44817U 19074A   25180.50000000  .00002182  00000+0  16770-3 0  9992
2 44817  53.0538 278.2480 0001450 152.8000  62.9520 15.06393123013525
STARLINK-1105
1 44818U 19074A   25180.50000000  .00002182  00000+0  16770-3 0  9993
2 44818  53.0538 284.3850 0001450 153.5000  80.8650 15.06394123013651
STARLINK-1106
1 44819U 19074A   25180.50000000  .00002182  00000+0  16770-3 0  9994
2 44819  53.0538 290.5220 0001450 154.2000  98.7780 15.06395123013787
STARLINK-1107
1 44820U 19074A   25180.50000000  .00002182  00000+0  16770-3 0  9996
2 44820  53.0538 296.6590 0001450 154.9000 116.6910 15.06396123013914
STARLINK-1108
1 44821U 19074A   25180.50000000  .00002182  00000+0  16770-3 0  9997
2 44821  53.0538 302.7960 0001450 155.6000 134.6040 15.06397123014043
STARLINK-1109
1 44822U 19074A   25180.50000000  .00002182  00000+0  16770-3 0  9998
2 44822  53.0538 308.9330 0001450 156.3000 152.5170 15.06398123014179
STARLINK-1110
1 44823U 19074A   25180.50000000  .00002182  00000+0  16770-3 0  9999
2 44823  53.0538 315.0700 0001450 157.0000 170.4300 15.06399123014308
STARLINK-1111
1 44824U 19074A   25180.50000000  .00002182  00000+0  16770-3 0  9990
2 44824  53.0538 321.2070 0001450 157.7000 188.3430 15.06400123014434
STARLINK-1112
1 44825U 19074A   25180.50000000  .00002182  00000+0  16770-3 0  9991
2 44825  53.0538 327.3440 0001450 158.4000 206.2560 15.06401123014560
STARLINK-1113
1 44826U 19074A   25180.50000000  .00002182  00000+0  16770-3 0  9992
2 44826  53.0538 333.4810 0001450 159.1000 224.1690 15.06402123014696
STARLINK-1114
1 44827U 19074A   25180.50000000  .00002182  00000+0  16770-3 0  9993
2 44827  53.0538 339.6180 0001450 159.8000 242.0820 15.06403123014822
STARLINK-1115
1 44828U 19074A   25180.50000000  .00002182  00000+0  16770-3 0  9994
2 44828  53.0538 345.7550 0001450 160.5000 259.9950 15.06404123014957
STARLINK-1116
1 44829U 19074A   25180.50000000  .00002182  00000+0  16770-3 0  9995
2 44829  53.0538 351.8920 0001450 161.2000 277.9080 15.06405123015085
STARLINK-1117
1 44830U 19074A   25180.50000000  .00002182  00000+0  16770-3 0  9997
2 44830  53.0538 358.0290 0001450 161.9000 295.8210 15.06406123015213
STARLINK-1118
1 44831U 19074A   25180.50000000  .00002182  00000+0  16770-3 0  9998
2 44831  53.0538   4.1660 0001450 162.6000 313.7340 15.06407123015341
STARLINK-1119
1 44832U 19074A   25180.50000000  .00002182  00000+0  16770-3 0  9999
2 44832  53.0538  10.3030 0001450 163.3000 331.6470 15.06408123015478
STARLINK-1120
1 44833U 19074A   25180.50000000  .00002182  00000+0  16770-3 0  9990
2 44833  53.0538  16.4400 0001450 164.0000 349.5600 15.06409123015604
STARLINK-1121
1 44834U 19074A   25180.50000000  .00002182  00000+0  16770-3 0  9991
2 44834  53.0538  22.5770 0001450 164.7000   7.4730 15.06410123015730
STARLINK-1122
1 44835U 19074A   25180.50000000  .00002182  00000+0  16770-3 0  9992
2 44835  53.0538  28.7140 0001450 165.4000  25.3860 15.06411123015866
STARLINK-1123
1 44836U 19074A   25180.50000000  .00002182  00000+0  16770-3 0  9993
2 44836  53.0538  34.8510 0001450 166.1000  43.2990 15.06412123015992
STARLINK-1124
1 44837U 19074A   25180.50000000  .00002182  00000+0  16770-3 0  9994
2 44837  53.0538  40.9880 0001450 166.8000  61.2120 15.06413123016120
STARLINK-1125
1 44838U 19074A   25180.50000000  .00002182  00000+0  16770-3 0  9995
2 44838  53.0538  47.1250 0001450 167.5000  79.1250 15.06414123016256
STARLINK-1126
1 44839U 19074A   25180.50000000  .00002182  00000+0  16770-3 0  9996
2 44839  53.0538  53.2620 0001450 168.2000  97.0380 15.06415123016382
STARLINK-1127
1 44840U 19074A   25180.50000000  .00002182  00000+0  16770-3 0  9998
2 44840  53.0538  59.3990 0001450 168.9000 114.9510 15.06416123016518
STARLINK-1128
1 44841U 19074A   25180.50000000  .00002182  00000+0  16770-3 0  9999
2 44841  53.0538  65.5360 0001450 169.6000 132.8640 15.06417123016645
STARLINK-1129
1 44842U 19074A   25180.50000000  .00002182  00000+0  16770-3 0  9990
2 44842  53.0538  71.6730 0001450 170.3000 150.7770 15.06418123016772
STARLINK-1130
1 44843U 19074A   25180.50000000  .00002182  00000+0  16770-3 0  9991
2 44843  53.0538  77.8100 0001450 171.0000 168.6900 15.06419123016909
STARLINK-1131
1 44844U 19074A   25180.50000000  .00002182  00000+0  16770-3 0  9992
2 44844  53.0538  83.9470 0001450 171.7000 186.6030 15.06420123017036
STARLINK-1132
1 44845U 19074A   25180.50000000  .00002182  00000+0  16770-3 0  9993
2 44845  53.0538  90.0840 0001450 172.4000 204.5160 15.06421123017164
STARLINK-1133
1 44846U 19074A   25180.50000000  .00002182  00000+0  16770-3 0  9994
2 44846  53.0538  96.2210 0001450 173.1000 222.4290 15.06422123017290
STARLINK-1134
1 44847U 19074A   25180.50000000  .00002182  00000+0  16770-3 0  9995
2 44847  53.0538 102.3580 0001450 173.8000 240.3420 15.06423123017427
STARLINK-1135
1 44848U 19074A   25180.50000000  .00002182  00000+0  16770-3 0  9996
2 44848  53.0538 108.4950 0001450 174.5000 258.2550 15.06424123017551
STARLINK-1136
1 44849U 19074A   25180.50000000  .00002182  00000+0  16770-3 0  9997
2 44849  53.0538 114.6320 0001450 175.2000 276.1680 15.06425123017688
STARLINK-1137
1 44850U 19074A   25180.50000000  .00002182  00000+0  16770-3 0  9999
2 44850  53.0538 120.7690 0001450 175.9000 294.0810 15.06426123017815
STARLINK-1138
1 44851U 19074A   25180.50000000  .00002182  00000+0  16770-3 0  9990
2 44851  53.0538 126.9060 0001450 176.6000 311.9940 15.06427123017941
STARLINK-1139
1 44852U 19074A   25180.50000000  .00002182  00000+0  16770-3 0  9991
2 44852  53.0538 133.0430 0001450 177.3000 329.9070 15.06428123018079
STARLINK-1140
1 44853U 19074A   25180.50000000  .00002182  00000+0  16770-3 0  9992
2 44853  53.0538 139.1800 0001450 178.0000 347.8200 15.06429123018206
STARLINK-1141
1 44854U 19074A   25180.50000000  .00002182  00000+0  16770-3 0  9993
2 44854  53.0538 145.3170 0001450 178.7000   5.7330 15.06430123018333
STARLINK-1142
1 44855U 19074A   25180.50000000  .00002182  00000+0  16770-3 0  9994
2 44855  53.0538 151.4540 0001450 179.4000  23.6460 15.06431123018469
STARLINK-1143
1 44856U 19074A   25180.50000000  .00002182  00000+0  16770-3 0  9995
2 44856  53.0538 157.5910 0001450 180.1000  41.5590 15.06432123018595
STARLINK-1144
1 44857U 19074A   25180.50000000  .00002182  00000+0  16770-3 0  9996
2 44857  53.0538 163.7280 0001450 180.8000  59.4720 15.06433123018721
STARLINK-1145
1 44858U 19074A   25180.50000000  .00002182  00000+0  16770-3 0  9997
2 44858  53.0538 169.8650 0001450 181.5000  77.3850 15.06434123018856
STARLINK-1146
1 44859U 19074A   25180.50000000  .00002182  00000+0  16770-3 0  9998
2 44859  53.0538 176.0020 0001450 182.2000  95.2980 15.06435123018984
STARLINK-1147
1 44860U 19074A   25180.50000000  .00002182  00000+0  16770-3 0  9990
2 44860  53.0538 182.1390 0001450 182.9000 113.2110 15.06436123019114
STARLINK-1148
1 44861U 19074A   25180.50000000  .00002182  00000+0  16770-3 0  9991
2 44861  53.0538 188.2760 0001450 183.6000 131.1240 15.06437123019249
STARLINK-1149
1 44862U 19074A   25180.50000000  .00002182  00000+0  16770-3 0  9992
2 44862  53.0538 194.4130 0001450 184.3000 149.0370 15.06438123019375
STARLINK-1150
1 44863U 19074A   25180.50000000  .00002182  00000+0  16770-3 0  9993
2 44863  53.0538 200.5500 0001450 185.0000 166.9500 15.06389123019507
STARLINK-1151
1 44864U 19074A   25180.50000000  .00002182  00000+0  16770-3 0  9994
2 44864  53.0538 206.6870 0001450 185.7000 184.8630 15.06390123019631
STARLINK-1152
1 44865U 19074A   25180.50000000  .00002182  00000+0  16770-3 0  9995
2 44865  53.0538 212.8240 0001450 186.4000 202.7760 15.06391123019769
STARLINK-1153
1 44866U 19074A   25180.50000000  .00002182  00000+0  16770-3 0  9996
2 44866  53.0538 218.9610 0001450 187.1000 220.6890 15.06392123019894
STARLINK-1154
1 44867U 19074A   25180.50000000  .00002182  00000+0  16770-3 0  9997
2 44867  53.0538 225.0980 0001450 187.8000 238.6020 15.06393123020023
STARLINK-1155
1 44868U 19074A   25180.50000000  .00002182  00000+0  16770-3 0  9998
2 44868  53.0538 231.2350 0001450 188.5000 256.5150 15.06394123020150
STARLINK-1156
1 44869U 19074A   25180.50000000  .00002182  00000+0  16770-3 0  9999
2 44869  53.0538 237.3720 0001450 189.2000 274.4280 15.06395123020285
STARLINK-1157
1 44870U 19074A   25180.50000000  .00002182  00000+0  16770-3 0  9991
2 44870  53.0538 243.5090 0001450 189.9000 292.3410 15.06396123020413
STARLINK-1158
1 44871U 19074A   25180.50000000  .00002182  00000+0  16770-3 0  9992
2 44871  53.0538 249.6460 0001450 190.6000 310.2540 15.06397123020540
STARLINK-1159
1 44872U 19074A   25180.50000000  .00002182  00000+0  16770-3 0  9993
2 44872  53.0538 255.7830 0001450 191.3000 328.1670 15.06398123020675
STARLINK-1160
1 44873U 19074A   25180.50000000  .00002182  00000+0  16770-3 0  9994
2 44873  53.0538 261.9200 0001450 192.0000 346.0800 15.06399123020804
STARLINK-1161
1 44874U 19074A   25180.50000000  .00002182  00000+0  16770-3 0  9995
2 44874  53.0538 268.0570 0001450 192.7000   3.9930 15.06400123020930
STARLINK-1162
1 44875U 19074A   25180.50000000  .00002182  00000+0  16770-3 0  9996
2 44875  53.0538 274.1940 0001450 193.4000  21.9060 15.06401123021068
STARLINK-1163
1 44876U 19074A   25180.50000000  .00002182  00000+0  16770-3 0  9997
2 44876  53.0538 280.3310 0001450 194.1000  39.8190 15.06402123021194
STARLINK-1164
1 44877U 19074A   25180.50000000  .00002182  00000+0  16770-3 0  9998
2 44877  53.0538 286.4680 0001450 194.8000  57.7320 15.06403123021329
STARLINK-1165
1 44878U 19074A   25180.50000000  .00002182  00000+0  16770-3 0  9999
2 44878  53.0538 292.6050 0001450 195.5000  75.6450 15.06404123021456
STARLINK-1166
1 44879U 19074A   25180.50000000  .00002182  00000+0  16770-3 0  9990
2 44879  53.0538 298.7420 0001450 196.2000  93.5580 15.06405123021581
STARLINK-1167
1 44880U 19074A   25180.50000000  .00002182  00000+0  16770-3 0  9992
2 44880  53.0538 304.8790 0001450 196.9000 111.4710 15.06406123021710
STARLINK-1168
1 44881U 19074A   25180.50000000  .00002182  00000+0  16770-3 0  9993
2 44881  53.0538 311.0160 0001450 197.6000 129.3840 15.06407123021847
STARLINK-1169
1 44882U 19074A   25180.50000000  .00002182  00000+0  16770-3 0  9994
2 44882  53.0538 317.1530 0001450 198.3000 147.2970 15.06408123021972
STARLINK-1170
1 44883U 19074A   25180.50000000  .00002182  00000+0  16770-3 0  9995
2 44883  53.0538 323.2900 0001450 199.0000 165.2100 15.06409123022102
STARLINK-1171
1 44884U 19074A   25180.50000000  .00002182  00000+0  16770-3 0  9996
2 44884  53.0538 329.4270 0001450 199.7000 183.1230 15.06410123022237
STARLINK-1172
1 44885U 19074A   25180.50000000  .00002182  00000+0  16770-3 0  9997
2 44885  53.0538 335.5640 0001450 200.4000 201.0360 15.06411123022366
STARLINK-1173
1 44886U 19074A   25180.50000000  .00002182  00000+0  16770-3 0  9998
2 44886  53.0538 341.7010 0001450 201.1000 218.9490 15.06412123022491
STARLINK-1174
1 44887U 19074A   25180.50000000  .00002182  00000+0  16770-3 0  9999
2 44887  53.0538 347.8380 0001450 201.8000 236.8620 15.06413123022626
STARLINK-1175
1 44888U 19074A   25180.50000000  .00002182  00000+0  16770-3 0  9990
2 44888  53.0538 353.9750 0001450 202.5000 254.7750 15.06414123022752
STARLINK-1176
1 44889U 19074A   25180.50000000  .00002182  00000+0  16770-3 0  9991
2 44889  53.0538   0.1120 0001450 203.2000 272.6880 15.06415123022881
STARLINK-1177
1 44890U 19074A   25180.50000000  .00002182  00000+0  16770-3 0  9993
2 44890  53.0538   6.2490 0001450 203.9000 290.6010 15.06416123023019
STARLINK-1178
1 44891U 19074A   25180.50000000  .00002182  00000+0  16770-3 0  9994
2 44891  53.0538  12.3860 0001450 204.6000 308.5140 15.06417123023145
STARLINK-1179
1 44892U 19074A   25180.50000000  .00002182  00000+0  16770-3 0  9995
2 44892  53.0538  18.5230 0001450 205.3000 326.4270 15.06418123023271
STARLINK-1180
1 44893U 19074A   25180.50000000  .00002182  00000+0  16770-3 0  9996
2 44893  53.0538  24.6600 0001450 206.0000 344.3400 15.06419123023409
STARLINK-1181
1 44894U 19074A   25180.50000000  .00002182  00000+0  16770-3 0  9997
2 44894  53.0538  30.7970 0001450 206.7000   2.2530 15.06420123023535
STARLINK-1182
1 44895U 19074A   25180.50000000  .00002182  00000+0  16770-3 0  9998
2 44895  53.0538  36.9340 0001450 207.4000  20.1660 15.06421123023661
STARLINK-1183
1 44896U 19074A   25180.50000000  .00002182  00000+0  16770-3 0  9999
2 44896  53.0538  43.0710 0001450 208.1000  38.0790 15.06422123023797
STARLINK-1184
1 44897U 19074A   25180.50000000  .00002182  00000+0  16770-3 0  9990
2 44897  53.0538  49.2080 0001450 208.8000  55.9920 15.06423123023922
STARLINK-1185
1 44898U 19074A   25180.50000000  .00002182  00000+0  16770-3 0  9991
2 44898  53.0538  55.3450 0001450 209.5000  73.9050 15.06424123024050
STARLINK-1186
1 44899U 19074A   25180.50000000  .00002182  00000+0  16770-3 0  9992
2 44899  53.0538  61.4820 0001450 210.2000  91.8180 15.06425123024187
STARLINK-1187
1 44900U 19074A   25180.50000000  .00002182  00000+0  16770-3 0  9995
2 44900  53.0538  67.6190 0001450 210.9000 109.7310 15.06426123024315
STARLINK-1188
1 44901U 19074A   25180.50000000  .00002182  00000+0  16770-3 0  9996
2 44901  53.0538  73.7560 0001450 211.6000 127.6440 15.06427123024441
STARLINK-1189
1 44902U 19074A   25180.50000000  .00002182  00000+0  16770-3 0  9997
2 44902  53.0538  79.8930 0001450 212.3000 145.5570 15.06428123024576
STARLINK-1190
1 44903U 19074A   25180.50000000  .00002182  00000+0  16770-3 0  9998
2 44903  53.0538  86.0300 0001450 213.0000 163.4700 15.06429123024706
STARLINK-1191
1 44904U 19074A   25180.50000000  .00002182  00000+0  16770-3 0  9999
2 44904  53.0538  92.1670 0001450 213.7000 181.3830 15.06430123024831
STARLINK-1192
1 44905U 19074A   25180.50000000  .00002182  00000+0  16770-3 0  9990
2 44905  53.0538  98.3040 0001450 214.4000 199.2960 15.06431123024966
STARLINK-1193
1 44906U 19074A   25180.50000000  .00002182  00000+0  16770-3 0  9991
2 44906  53.0538 104.4410 0001450 215.1000 217.2090 15.06432123025096
STARLINK-1194
1 44907U 19074A   25180.50000000  .00002182  00000+0  16770-3 0  9992
2 44907  53.0538 110.5780 0001450 215.8000 235.1220 15.06433123025222
STARLINK-1195
1 44908U 19074A   25180.50000000  .00002182  00000+0  16770-3 0  9993
2 44908  53.0538 116.7150 0001450 216.5000 253.0350 15.06434123025358
STARLINK-1196
1 44909U 19074A   25180.50000000  .00002182  00000+0  16770-3 0  9994
2 44909  53.0538 122.8520 0001450 217.2000 270.9480 15.06435123025483
STARLINK-1197
1 44910U 19074A   25180.50000000  .00002182  00000+0  16770-3 0  9996
2 44910  53.0538 128.9890 0001450 217.9000 288.8610 15.06436123025618
STARLINK-1198
1 44911U 19074A   25180.50000000  .00002182  00000+0  16770-3 0  9997
2 44911  53.0538 135.1260 0001450 218.6000 306.7740 15.06437123025747
STARLINK-1199
1 44912U 19074A   25180.50000000  .00002182  00000+0  16770-3 0  9998
2 44912  53.0538 141.2630 0001450 219.3000 324.6870 15.06438123025873
STARLINK-1200
1 44913U 19074A   25180.50000000  .00002182  00000+0  16770-3 0  9999
2 44913  53.0538 147.4000 0001450 220.0000 342.6000 15.06389123026008
STARLINK-1201
1 44914U 19074A   25180.50000000  .00002182  00000+0  16770-3 0  9990
2 44914  53.0538 153.5370 0001450 220.7000   0.5130 15.06390123026134
STARLINK-1202
1 44915U 19074A   25180.50000000  .00002182  00000+0  16770-3 0  9991
2 44915  53.0538 159.6740 0001450 221.4000  18.4260 15.06391123026268
STARLINK-1203
1 44916U 19074A   25180.50000000  .00002182  00000+0  16770-3 0  9992
2 44916  53.0538 165.8110 0001450 222.1000  36.3390 15.06392123026395
STARLINK-1204
1 44917U 19074A   25180.50000000  .00002182  00000+0  16770-3 0  9993
2 44917  53.0538 171.9480 0001450 222.8000  54.2520 15.06393123026521
STARLINK-1205
1 44918U 19074A   25180.50000000  .00002182  00000+0  16770-3 0  9994
2 44918  53.0538 178.0850 0001450 223.5000  72.1650 15.06394123026657
STARLINK-1206
1 44919U 19074A   25180.50000000  .00002182  00000+0  16770-3 0  9995
2 44919  53.0538 184.2220 0001450 224.2000  90.0780 15.06395123026784
STARLINK-1207
1 44920U 19074A   25180.50000000  .00002182  00000+0  16770-3 0  9997
2 44920  53.0538 190.3590 0001450 224.9000 107.9910 15.06396123026910
STARLINK-1208
1 44921U 19074A   25180.50000000  .00002182  00000+0  16770-3 0  9998
2 44921  53.0538 196.4960 0001450 225.6000 125.9040 15.06397123027047
STARLINK-1209
1 44922U 19074A   25180.50000000  .00002182  00000+0  16770-3 0  9999
2 44922  53.0538 202.6330 0001450 226.3000 143.8170 15.06398123027175
STARLINK-1210
1 44923U 19074A   25180.50000000  .00002182  00000+0  16770-3 0  9990
2 44923  53.0538 208.7700 0001450 227.0000 161.7300 15.06399123027302
STARLINK-1211
1 44924U 19074A   25180.50000000  .00002182  00000+0  16770-3 0  9991
2 44924  53.0538 214.9070 0001450 227.7000 179.6430 15.06400123027438
STARLINK-1212
1 44925U 19074A   25180.50000000  .00002182  00000+0  16770-3 0  9992
2 44925  53.0538 221.0440 0001450 228.4000 197.5560 15.06401123027565
STARLINK-1213
1 44926U 19074A   25180.50000000  .00002182  00000+0  16770-3 0  9993
2 44926  53.0538 227.1810 0001450 229.1000 215.4690 15.06402123027691
STARLINK-1214
1 44927U 19074A   25180.50000000  .00002182  00000+0  16770-3 0  9994
2 44927  53.0538 233.3180 0001450 229.8000 233.3820 15.06403123027828
STARLINK-1215
1 44928U 19074A   25180.50000000  .00002182  00000+0  16770-3 0  9995
2 44928  53.0538 239.4550 0001450 230.5000 251.2950 15.06404123027954
STARLINK-1216
1 44929U 19074A   25180.50000000  .00002182  00000+0  16770-3 0  9996
2 44929  53.0538 245.5920 0001450 231.2000 269.2080 15.06405123028081
STARLINK-1217
1 44930U 19074A   25180.50000000  .00002182  00000+0  16770-3 0  9998
2 44930  53.0538 251.7290 0001450 231.9000 287.1210 15.06406123028219
STARLINK-1218
1 44931U 19074A   25180.50000000  .00002182  00000+0  16770-3 0  9999
2 44931  53.0538 257.8660 0001450 232.6000 305.0340 15.06407123028345
STARLINK-1219
1 44932U 19074A   25180.50000000  .00002182  00000+0  16770-3 0  9990
2 44932  53.0538 264.0030 0001450 233.3000 322.9470 15.06408123028472
STARLINK-1220
1 44933U 19074A   25180.50000000  .00002182  00000+0  16770-3 0  9991
2 44933  53.0538 270.1400 0001450 234.0000 340.8600 15.06409123028600
STARLINK-1221
1 44934U 19074A   25180.50000000  .00002182  00000+0  16770-3 0  9992
2 44934  53.0538 276.2770 0001450 234.7000 358.7730 15.06410123028733
STARLINK-1222
1 44935U 19074A   25180.50000000  .00002182  00000+0  16770-3 0  9993
2 44935  53.0538 282.4140 0001450 235.4000  16.6860 15.06411123028861
STARLINK-1223
1 44936U 19074A   25180.50000000  .00002182  00000+0  16770-3 0  9994
2 44936  53.0538 288.5510 0001450 236.1000  34.5990 15.06412123028996
STARLINK-1224
1 44937U 19074A   25180.50000000  .00002182  00000+0  16770-3 0  9995
2 44937  53.0538 294.6880 0001450 236.8000  52.5120 15.06413123029124
STARLINK-1225
1 44938U 19074A   25180.50000000  .00002182  00000+0  16770-3 0  9996
2 44938  53.0538 300.8250 0001450 237.5000  70.4250 15.06414123029252
STARLINK-1226
1 44939U 19074A   25180.50000000  .00002182  00000+0  16770-3 0  9997
2 44939  53.0538 306.9620 0001450 238.2000  88.3380 15.06415123029386
STARLINK-1227
1 44940U 19074A   25180.50000000  .00002182  00000+0  16770-3 0  9999
2 44940  53.0538 313.0990 0001450 238.9000 106.2510 15.06416123029515
STARLINK-1228
1 44941U 19074A   25180.50000000  .00002182  00000+0  16770-3 0  9990
2 44941  53.0538 319.2360 0001450 239.6000 124.1640 15.06417123029641
STARLINK-1229
1 44942U 19074A   25180.50000000  .00002182  00000+0  16770-3 0  9991
2 44942  53.0538 325.3730 0001450 240.3000 142.0770 15.06418123029778
STARLINK-1230
1 44943U 19074A   25180.50000000  .00002182  00000+0  16770-3 0  9992
2 44943  53.0538 331.5100 0001450 241.0000 159.9900 15.06419123029905
STARLINK-1231
1 44944U 19074A   25180.50000000  .00002182  00000+0  16770-3 0  9993
2 44944  53.0538 337.6470 0001450 241.7000 177.9030 15.06420123030032
STARLINK-1232
1 44945U 19074A   25180.50000000  .00002182  00000+0  16770-3 0  9994
2 44945  53.0538 343.7840 0001450 242.4000 195.8160 15.06421123030168
STARLINK-1233
1 44946U 19074A   25180.50000000  .00002182  00000+0  16770-3 0  9995
2 44946  53.0538 349.9210 0001450 243.1000 213.7290 15.06422123030295
STARLINK-1234
1 44947U 19074A   25180.50000000  .00002182  00000+0  16770-3 0  9996
2 44947  53.0538 356.0580 0001450 243.8000 231.6420 15.06423123030422
STARLINK-1235
1 44948U 19074A   25180.50000000  .00002182  00000+0  16770-3 0  9997
2 44948  53.0538   2.1950 0001450 244.5000 249.5550 15.06424123030558
STARLINK-1236
1 44949U 19074A   25180.50000000  .00002182  00000+0  16770-3 0  9998
2 44949  53.0538   8.3320 0001450 245.2000 267.4680 15.06425123030684
STARLINK-1237
1 44950U 19074A   25180.50000000  .00002182  00000+0  16770-3 0  9990
2 44950  53.0538  14.4690 0001450 245.9000 285.3810 15.06426123030811
STARLINK-1238
1 44951U 19074A   25180.50000000  .00002182  00000+0  16770-3 0  9991
2 44951  53.0538  20.6060 0001450 246.6000 303.2940 15.06427123030949
STARLINK-1239
1 44952U 19074A   25180.50000000  .00002182  00000+0  16770-3 0  9992
2 44952  53.0538  26.7430 0001450 247.3000 321.2070 15.06428123031076
STARLINK-1240
1 44953U 19074A   25180.50000000  .00002182  00000+0  16770-3 0  9993
2 44953  53.0538  32.8800 0001450 248.0000 339.1200 15.06429123031203
STARLINK-1241
1 44954U 19074A   25180.50000000  .00002182  00000+0  16770-3 0  9994
2 44954  53.0538  39.0170 0001450 248.7000 357.0330 15.06430123031339
STARLINK-1242
1 44955U 19074A   25180.50000000  .00002182  00000+0  16770-3 0  9995
2 44955  53.0538  45.1540 0001450 249.4000  14.9460 15.06431123031465
STARLINK-1243
1 44956U 19074A   25180.50000000  .00002182  00000+0  16770-3 0  9996
2 44956  53.0538  51.2910 0001450 250.1000  32.8590 15.06432123031592
STARLINK-1244
1 44957U 19074A   25180.50000000  .00002182  00000+0  16770-3 0  9997
2 44957  53.0538  57.4280 0001450 250.8000  50.7720 15.06433123031728
STARLINK-1245
1 44958U 19074A   25180.50000000  .00002182  00000+0  16770-3 0  9998
2 44958  53.0538  63.5650 0001450 251.5000  68.6850 15.06434123031853
STARLINK-1246
1 44959U 19074A   25180.50000000  .00002182  00000+0  16770-3 0  9999
2 44959  53.0538  69.7020 0001450 252.2000  86.5980 15.06435123031989
STARLINK-1247
1 44960U 19074A   25180.50000000  .00002182  00000+0  16770-3 0  9991
2 44960  53.0538  75.8390 0001450 252.9000 104.5110 15.06436123032119
STARLINK-1248
1 44961U 19074A   25180.50000000  .00002182  00000+0  16770-3 0  9992
2 44961  53.0538  81.9760 0001450 253.6000 122.4240 15.06437123032245
STARLINK-1249
1 44962U 19074A   25180.50000000  .00002182  00000+0  16770-3 0  9993
2 44962  53.0538  88.1130 0001450 254.3000 140.3370 15.06438123032372
STARLINK-1250
1 44963U 19074A   25180.50000000  .00002182  00000+0  16770-3 0  9994
2 44963  53.0538  94.2500 0001450 255.0000 158.2500 15.06389123032503
STARLINK-1251
1 44964U 19074A   25180.50000000  .00002182  00000+0  16770-3 0  9995
2 44964  53.0538 100.3870 0001450 255.7000 176.1630 15.06390123032639
STARLINK-1252
1 44965U 19074A   25180.50000000  .00002182  00000+0  16770-3 0  9996
2 44965  53.0538 106.5240 0001450 256.4000 194.0760 15.06391123032765
STARLINK-1253
1 44966U 19074A   25180.50000000  .00002182  00000+0  16770-3 0  9997
2 44966  53.0538 112.6610 0001450 257.1000 211.9890 15.06392123032891
STARLINK-1254
1 44967U 19074A   25180.50000000  .00002182  00000+0  16770-3 0  9998
2 44967  53.0538 118.7980 0001450 257.8000 229.9020 15.06393123033027
STARLINK-1255
1 44968U 19074A   25180.50000000  .00002182  00000+0  16770-3 0  9999
2 44968  53.0538 124.9350 0001450 258.5000 247.8150 15.06394123033154
STARLINK-1256
1 44969U 19074A   25180.50000000  .00002182  00000+0  16770-3 0  9990
2 44969  53.0538 131.0720 0001450 259.2000 265.7280 15.06395123033281
STARLINK-1257
1 44970U 19074A   25180.50000000  .00002182  00000+0  16770-3 0  9992
2 44970  53.0538 137.2090 0001450 259.9000 283.6410 15.06396123033418
STARLINK-1258
1 44971U 19074A   25180.50000000  .00002182  00000+0  16770-3 0  9993
2 44971  53.0538 143.3460 0001450 260.6000 301.5540 15.06397123033546
STARLINK-1259
1 44972U 19074A   25180.50000000  .00002182  00000+0  16770-3 0  9994
2 44972  53.0538 149.4830 0001450 261.3000 319.4670 15.06398123033670
STARLINK-1260
1 44973U 19074A   25180.50000000  .00002182  00000+0  16770-3 0  9995
2 44973  53.0538 155.6200 0001450 262.0000 337.3800 15.06399123033809
STARLINK-1261
1 44974U 19074A   25180.50000000  .00002182  00000+0  16770-3 0  9996
2 44974  53.0538 161.7570 0001450 262.7000 355.2930 15.06400123033935
STARLINK-1262
1 44975U 19074A   25180.50000000  .00002182  00000+0  16770-3 0  9997
2 44975  53.0538 167.8940 0001450 263.4000  13.2060 15.06401123034063
STARLINK-1263
1 44976U 19074A   25180.50000000  .00002182  00000+0  16770-3 0  9998
2 44976  53.0538 174.0310 0001450 264.1000  31.1190 15.06402123034191
STARLINK-1264
1 44977U 19074A   25180.50000000  .00002182  00000+0  16770-3 0  9999
2 44977  53.0538 180.1680 0001450 264.8000  49.0320 15.06403123034326
STARLINK-1265
1 44978U 19074A   25180.50000000  .00002182  00000+0  16770-3 0  9990
2 44978  53.0538 186.3050 0001450 265.5000  66.9450 15.06404123034451
STARLINK-1266
1 44979U 19074A   25180.50000000  .00002182  00000+0  16770-3 0  9991
2 44979  53.0538 192.4420 0001450 266.2000  84.8580 15.06405123034587
STARLINK-1267
1 44980U 19074A   25180.50000000  .00002182  00000+0  16770-3 0  9993
2 44980  53.0538 198.5790 0001450 266.9000 102.7710 15.06406123034714
STARLINK-1268
1 44981U 19074A   25180.50000000  .00002182  00000+0  16770-3 0  9994
2 44981  53.0538 204.7160 0001450 267.6000 120.6840 15.06407123034842
STARLINK-1269
1 44982U 19074A   25180.50000000  .00002182  00000+0  16770-3 0  9995
2 44982  53.0538 210.8530 0001450 268.3000 138.5970 15.06408123034977
STARLINK-1270
1 44983U 19074A   25180.50000000  .00002182  00000+0  16770-3 0  9996
2 44983  53.0538 216.9900 0001450 269.0000 156.5100 15.06409123035106
STARLINK-1271
1 44984U 19074A   25180.50000000  .00002182  00000+0  16770-3 0  9997
2 44984  53.0538 223.1270 0001450 269.7000 174.4230 15.06410123035233
STARLINK-1272
1 44985U 19074A   25180.50000000  .00002182  00000+0  16770-3 0  9998
2 44985  53.0538 229.2640 0001450 270.4000 192.3360 15.06411123035369
STARLINK-1273
1 44986U 19074A   25180.50000000  .00002182  00000+0  16770-3 0  9999
2 44986  53.0538 235.4010 0001450 271.1000 210.2490 15.06412123035497
STARLINK-1274
1 44987U 19074A   25180.50000000  .00002182  00000+0  16770-3 0  9990
2 44987  53.0538 241.5380 0001450 271.8000 228.1620 15.06413123035622
STARLINK-1275
1 44988U 19074A   25180.50000000  .00002182  00000+0  16770-3 0  9991
2 44988  53.0538 247.6750 0001450 272.5000 246.0750 15.06414123035757
STARLINK-1276
1 44989U 19074A   25180.50000000  .00002182  00000+0  16770-3 0  9992
2 44989  53.0538 253.8120 0001450 273.2000 263.9880 15.06415123035883
STARLINK-1277
1 44990U 19074A   25180.50000000  .00002182  00000+0  16770-3 0  9994
2 44990  53.0538 259.9490 0001450 273.9000 281.9010 15.06416123036011
STARLINK-1278
1 44991U 19074A   25180.50000000  .00002182  00000+0  16770-3 0  9995
2 44991  53.0538 266.0860 0001450 274.6000 299.8140 15.06417123036147
STARLINK-1279
1 44992U 19074A   25180.50000000  .00002182  00000+0  16770-3 0  9996
2 44992  53.0538 272.2230 0001450 275.3000 317.7270 15.06418123036275
STARLINK-1280
1 44993U 19074A   25180.50000000  .00002182  00000+0  16770-3 0  9997
2 44993  53.0538 278.3600 0001450 276.0000 335.6400 15.06419123036402
STARLINK-1281
1 44994U 19074A   25180.50000000  .00002182  00000+0  16770-3 0  9998
2 44994  53.0538 284.4970 0001450 276.7000 353.5530 15.06420123036537
STARLINK-1282
1 44995U 19074A   25180.50000000  .00002182  00000+0  16770-3 0  9999
2 44995  53.0538 290.6340 0001450 277.4000  11.4660 15.06421123036665
STARLINK-1283
1 44996U 19074A   25180.50000000  .00002182  00000+0  16770-3 0  9990
2 44996  53.0538 296.7710 0001450 278.1000  29.3790 15.06422123036799
STARLINK-1284
1 44997U 19074A   25180.50000000  .00002182  00000+0  16770-3 0  9991
2 44997  53.0538 302.9080 0001450 278.8000  47.2920 15.06423123036927
STARLINK-1285
1 44998U 19074A   25180.50000000  .00002182  00000+0  16770-3 0  9992
2 44998  53.0538 309.0450 0001450 279.5000  65.2050 15.06424123037055
STARLINK-1286
1 44999U 19074A   25180.50000000  .00002182  00000+0  16770-3 0  9993
2 44999  53.0538 315.1820 0001450 280.2000  83.1180 15.06425123037182
STARLINK-1287
1 45000U 19074A   25180.50000000  .00002182  00000+0  16770-3 0  9997
2 45000  53.0538 321.3190 0001450 280.9000 101.0310 15.06426123037313
STARLINK-1288
1 45001U 19074A   25180.50000000  .00002182  00000+0  16770-3 0  9998
2 45001  53.0538 327.4560 0001450 281.6000 118.9440 15.06427123037446
STARLINK-1289
1 45002U 19074A   25180.50000000  .00002182  00000+0  16770-3 0  9999
2 45002  53.0538 333.5930 0001450 282.3000 136.8570 15.06428123037572
STARLINK-1290
1 45003U 19074A   25180.50000000  .00002182  00000+0  16770-3 0  9990
2 45003  53.0538 339.7300 0001450 283.0000 154.7700 15.06429123037700
STARLINK-1291
1 45004U 19074A   25180.50000000  .00002182  00000+0  16770-3 0  9991
2 45004  53.0538 345.8670 0001450 283.7000 172.6830 15.06430123037835
STARLINK-1292
1 45005U 19074A   25180.50000000  .00002182  00000+0  16770-3 0  9992
2 45005  53.0538 352.0040 0001450 284.4000 190.5960 15.06431123037963
STARLINK-1293
1 45006U 19074A   25180.50000000  .00002182  00000+0  16770-3 0  9993
2 45006  53.0538 358.1410 0001450 285.1000 208.5090 15.06432123038090
STARLINK-1294
1 45007U 19074A   25180.50000000  .00002182  00000+0  16770-3 0  9994
2 45007  53.0538   4.2780 0001450 285.8000 226.4220 15.06433123038227
STARLINK-1295
1 45008U 19074A   25180.50000000  .00002182  00000+0  16770-3 0  9995
2 45008  53.0538  10.4150 0001450 286.5000 244.3350 15.06434123038354
STARLINK-1296
1 45009U 19074A   25180.50000000  .00002182  00000+0  16770-3 0  9996
2 45009  53.0538  16.5520 0001450 287.2000 262.2480 15.06435123038489
STARLINK-1297
1 45010U 19074A   25180.50000000  .00002182  00000+0  16770-3 0  9998
2 45010  53.0538  22.6890 0001450 287.9000 280.1610 15.06436123038616
STARLINK-1298
1 45011U 19074A   25180.50000000  .00002182  00000+0  16770-3 0  9999
2 45011  53.0538  28.8260 0001450 288.6000 298.0740 15.06437123038741
STARLINK-1299
1 45012U 19074A   25180.50000000  .00002182  00000+0  16770-3 0  9990
2 45012  53.0538  34.9630 0001450 289.3000 315.9870 15.06438123038877
STARLINK-1300
1 45013U 19074A   25180.50000000  .00002182  00000+0  16770-3 0  9991
2 45013  53.0538  41.1000 0001450 290.0000 333.9000 15.06389123039004
STARLINK-1301
1 45014U 19074A   25180.50000000  .00002182  00000+0  16770-3 0  9992
2 45014  53.0538  47.2370 0001450 290.7000 351.8130 15.06390123039138
STARLINK-1302
1 45015U 19074A   25180.50000000  .00002182  00000+0  16770-3 0  9993
2 45015  53.0538  53.3740 0001450 291.4000   9.7260 15.06391123039264
STARLINK-1303
1 45016U 19074A   25180.50000000  .00002182  00000+0  16770-3 0  9994
2 45016  53.0538  59.5110 0001450 292.1000  27.6390 15.06392123039390
STARLINK-1304
1 45017U 19074A   25180.50000000  .00002182  00000+0  16770-3 0  9995
2 45017  53.0538  65.6480 0001450 292.8000  45.5520 15.06393123039526
STARLINK-1305
1 45018U 19074A   25180.50000000  .00002182  00000+0  16770-3 0  9996
2 45018  53.0538  71.7850 0001450 293.5000  63.4650 15.06394123039652
STARLINK-1306
1 45019U 19074A   25180.50000000  .00002182  00000+0  16770-3 0  9997
2 45019  53.0538  77.9220 0001450 294.2000  81.3780 15.06395123039788
STARLINK-1307
1 45020U 19074A   25180.50000000  .00002182  00000+0  16770-3 0  9999
2 45020  53.0538  84.0590 0001450 294.9000  99.2910 15.06396123039915
STARLINK-1308
1 45021U 19074A   25180.50000000  .00002182  00000+0  16770-3 0  9990
2 45021  53.0538  90.1960 0001450 295.6000 117.2040 15.06397123040045
STARLINK-1309
1 45022U 19074A   25180.50000000  .00002182  00000+0  16770-3 0  9991
2 45022  53.0538  96.3330 0001450 296.3000 135.1170 15.06398123040171
STARLINK-1310
1 45023U 19074A   25180.50000000  .00002182  00000+0  16770-3 0  9992
2 45023  53.0538 102.4700 0001450 297.0000 153.0300 15.06399123040300
STARLINK-1311
1 45024U 19074A   25180.50000000  .00002182  00000+0  16770-3 0  9993
2 45024  53.0538 108.6070 0001450 297.7000 170.9430 15.06400123040435
STARLINK-1312
1 45025U 19074A   25180.50000000  .00002182  00000+0  16770-3 0  9994
2 45025  53.0538 114.7440 0001450 298.4000 188.8560 15.06401123040560
STARLINK-1313
1 45026U 19074A   25180.50000000  .00002182  00000+0  16770-3 0  9995
2 45026  53.0538 120.8810 0001450 299.1000 206.7690 15.06402123040697
STARLINK-1314
1 45027U 19074A   25180.50000000  .00002182  00000+0  16770-3 0  9996
2 45027  53.0538 127.0180 0001450 299.8000 224.6820 15.06403123040824
STARLINK-1315
1 45028U 19074A   25180.50000000  .00002182  00000+0  16770-3 0  9997
2 45028  53.0538 133.1550 0001450 300.5000 242.5950 15.06404123040952
STARLINK-1316
1 45029U 19074A   25180.50000000  .00002182  00000+0  16770-3 0  9998
2 45029  53.0538 139.2920 0001450 301.2000 260.5080 15.06405123041089
STARLINK-1317
1 45030U 19074A   25180.50000000  .00002182  00000+0  16770-3 0  9990
2 45030  53.0538 145.4290 0001450 301.9000 278.4210 15.06406123041216
STARLINK-1318
1 45031U 19074A   25180.50000000  .00002182  00000+0  16770-3 0  9991
2 45031  53.0538 151.5660 0001450 302.6000 296.3340 15.06407123041342
STARLINK-1319
1 45032U 19074A   25180.50000000  .00002182  00000+0  16770-3 0  9992
2 45032  53.0538 157.7030 0001450 303.3000 314.2470 15.06408123041479
STARLINK-1320
1 45033U 19074A   25180.50000000  .00002182  00000+0  16770-3 0  9993
2 45033  53.0538 163.8400 0001450 304.0000 332.1600 15.06409123041607
STARLINK-1321
1 45034U 19074A   25180.50000000  .00002182  00000+0  16770-3 0  9994
2 45034  53.0538 169.9770 0001450 304.7000 350.0730 15.06410123041731
STARLINK-1322
1 45035U 19074A   25180.50000000  .00002182  00000+0  16770-3 0  9995
2 45035  53.0538 176.1140 0001450 305.4000   7.9860 15.06411123041868
STARLINK-1323
1 45036U 19074A   25180.50000000  .00002182  00000+0  16770-3 0  9996
2 45036  53.0538 182.2510 0001450 306.1000  25.8990 15.06412123041994
STARLINK-1324
1 45037U 19074A   25180.50000000  .00002182  00000+0  16770-3 0  9997
2 45037  53.0538 188.3880 0001450 306.8000  43.8120 15.06413123042121
STARLINK-1325
1 45038U 19074A   25180.50000000  .00002182  00000+0  16770-3 0  9998
2 45038  53.0538 194.5250 0001450 307.5000  61.7250 15.06414123042258
STARLINK-1326
1 45039U 19074A   25180.50000000  .00002182  00000+0  16770-3 0  9999
2 45039  53.0538 200.6620 0001450 308.2000  79.6380 15.06415123042384
STARLINK-1327
1 45040U 19074A   25180.50000000  .00002182  00000+0  16770-3 0  9991
2 45040  53.0538 206.7990 0001450 308.9000  97.5510 15.06416123042510
STARLINK-1328
1 45041U 19074A   25180.50000000  .00002182  00000+0  16770-3 0  9992
2 45041  53.0538 212.9360 0001450 309.6000 115.4640 15.06417123042648
STARLINK-1329
1 45042U 19074A   25180.50000000  .00002182  00000+0  16770-3 0  9993
2 45042  53.0538 219.0730 0001450 310.3000 133.3770 15.06418123042775
STARLINK-1330
1 45043U 19074A   25180.50000000  .00002182  00000+0  16770-3 0  9994
2 45043  53.0538 225.2100 0001450 311.0000 151.2900 15.06419123042904
STARLINK-1331
1 45044U 19074A   25180.50000000  .00002182  00000+0  16770-3 0  9995
2 45044  53.0538 231.3470 0001450 311.7000 169.2030 15.06420123043030
STARLINK-1332
1 45045U 19074A   25180.50000000  .00002182  00000+0  16770-3 0  9996
2 45045  53.0538 237.4840 0001450 312.4000 187.1160 15.06421123043165
STARLINK-1333
1 45046U 19074A   25180.50000000  .00002182  00000+0  16770-3 0  9997
2 45046  53.0538 243.6210 0001450 313.1000 205.0290 15.06422123043293
STARLINK-1334
1 45047U 19074A   25180.50000000  .00002182  00000+0  16770-3 0  9998
2 45047  53.0538 249.7580 0001450 313.8000 222.9420 15.06423123043427
STARLINK-1335
1 45048U 19074A   25180.50000000  .00002182  00000+0  16770-3 0  9999
2 45048  53.0538 255.8950 0001450 314.5000 240.8550 15.06424123043553
STARLINK-1336
1 45049U 19074A   25180.50000000  .00002182  00000+0  16770-3 0  9990
2 45049  53.0538 262.0320 0001450 315.2000 258.7680 15.06425123043680
STARLINK-1337
1 45050U 19074A   25180.50000000  .00002182  00000+0  16770-3 0  9992
2 45050  53.0538 268.1690 0001450 315.9000 276.6810 15.06426123043816
STARLINK-1338
1 45051U 19074A   25180.50000000  .00002182  00000+0  16770-3 0  9993
2 45051  53.0538 274.3060 0001450 316.6000 294.5940 15.06427123043943
STARLINK-1339
1 45052U 19074A   25180.50000000  .00002182  00000+0  16770-3 0  9994
2 45052  53.0538 280.4430 0001450 317.3000 312.5070 15.06428123044072
STARLINK-1340
1 45053U 19074A   25180.50000000  .00002182  00000+0  16770-3 0  9995
2 45053  53.0538 286.5800 0001450 318.0000 330.4200 15.06429123044209
STARLINK-1341
1 45054U 19074A   25180.50000000  .00002182  00000+0  16770-3 0  9996
2 45054  53.0538 292.7170 0001450 318.7000 348.3330 15.06430123044334
STARLINK-1342
1 45055U 19074A   25180.50000000  .00002182  00000+0  16770-3 0  9997
2 45055  53.0538 298.8540 0001450 319.4000   6.2460 15.06431123044460
STARLINK-1343
1 45056U 19074A   25180.50000000  .00002182  00000+0  16770-3 0  9998
2 45056  53.0538 304.9910 0001450 320.1000  24.1590 15.06432123044598
STARLINK-1344
1 45057U 19074A   25180.50000000  .00002182  00000+0  16770-3 0  9999
2 45057  53.0538 311.1280 0001450 320.8000  42.0720 15.06433123044726
STARLINK-1345
1 45058U 19074A   25180.50000000  .00002182  00000+0  16770-3 0  9990
2 45058  53.0538 317.2650 0001450 321.5000  59.9850 15.06434123044859
STARLINK-1346
1 45059U 19074A   25180.50000000  .00002182  00000+0  16770-3 0  9991
2 45059  53.0538 323.4020 0001450 322.2000  77.8980 15.06435123044986
STARLINK-1347
1 45060U 19074A   25180.50000000  .00002182  00000+0  16770-3 0  9993
2 45060  53.0538 329.5390 0001450 322.9000  95.8110 15.06436123045114
STARLINK-1348
1 45061U 19074A   25180.50000000  .00002182  00000+0  16770-3 0  9994
2 45061  53.0538 335.6760 0001450 323.6000 113.7240 15.06437123045241
STARLINK-1349
1 45062U 19074A   25180.50000000  .00002182  00000+0  16770-3 0  9995
2 45062  53.0538 341.8130 0001450 324.3000 131.6370 15.06438123045378
STARLINK-1350
1 45063U 19074A   25180.50000000  .00002182  00000+0  16770-3 0  9996
2 45063  53.0538 347.9500 0001450 325.0000 149.5500 15.06389123045508
STARLINK-1351
1 45064U 19074A   25180.50000000  .00002182  00000+0  16770-3 0  9997
2 45064  53.0538 354.0870 0001450 325.7000 167.4630 15.06390123045634
STARLINK-1352
1 45065U 19074A   25180.50000000  .00002182  00000+0  16770-3 0  9998
2 45065  53.0538   0.2240 0001450 326.4000 185.3760 15.06391123045762
STARLINK-1353
1 45066U 19074A   25180.50000000  .00002182  00000+0  16770-3 0  9999
2 45066  53.0538   6.3610 0001450 327.1000 203.2890 15.06392123045898
STARLINK-1354
1 45067U 19074A   25180.50000000  .00002182  00000+0  16770-3 0  9990
2 45067  53.0538  12.4980 0001450 327.8000 221.2020 15.06393123046026
STARLINK-1355
1 45068U 19074A   25180.50000000  .00002182  00000+0  16770-3 0  9991
2 45068  53.0538  18.6350 0001450 328.5000 239.1150 15.06394123046151
STARLINK-1356
1 45069U 19074A   25180.50000000  .00002182  00000+0  16770-3 0  9992
2 45069  53.0538  24.7720 0001450 329.2000 257.0280 15.06395123046287
STARLINK-1357
1 45070U 19074A   25180.50000000  .00002182  00000+0  16770-3 0  9994
2 45070  53.0538  30.9090 0001450 329.9000 274.9410 15.06396123046414
STARLINK-1358
1 45071U 19074A   25180.50000000  .00002182  00000+0  16770-3 0  9995
2 45071  53.0538  37.0460 0001450 330.6000 292.8540 15.06397123046541
STARLINK-1359
1 45072U 19074A   25180.50000000  .00002182  00000+0  16770-3 0  9996
2 45072  53.0538  43.1830 0001450 331.3000 310.7670 15.06398123046678
STARLINK-1360
1 45073U 19074A   25180.50000000  .00002182  00000+0  16770-3 0  9997
2 45073  53.0538  49.3200 0001450 332.0000 328.6800 15.06399123046805
STARLINK-1361
1 45074U 19074A   25180.50000000  .00002182  00000+0  16770-3 0  9998
2 45074  53.0538  55.4570 0001450 332.7000 346.5930 15.06400123046931
STARLINK-1362
1 45075U 19074A   25180.50000000  .00002182  00000+0  16770-3 0  9999
2 45075  53.0538  61.5940 0001450 333.4000   4.5060 15.06401123047060
STARLINK-1363
1 45076U 19074A   25180.50000000  .00002182  00000+0  16770-3 0  9990
2 45076  53.0538  67.7310 0001450 334.1000  22.4190 15.06402123047196
STARLINK-1364
1 45077U 19074A   25180.50000000  .00002182  00000+0  16770-3 0  9991
2 45077  53.0538  73.8680 0001450 334.8000  40.3320 15.06403123047322
STARLINK-1365
1 45078U 19074A   25180.50000000  .00002182  00000+0  16770-3 0  9992
2 45078  53.0538  80.0050 0001450 335.5000  58.2450 15.06404123047459
STARLINK-1366
1 45079U 19074A   25180.50000000  .00002182  00000+0  16770-3 0  9993
2 45079  53.0538  86.1420 0001450 336.2000  76.1580 15.06405123047584
STARLINK-1367
1 45080U 19074A   25180.50000000  .00002182  00000+0  16770-3 0  9995
2 45080  53.0538  92.2790 0001450 336.9000  94.0710 15.06406123047711
STARLINK-1368
1 45081U 19074A   25180.50000000  .00002182  00000+0  16770-3 0  9996
2 45081  53.0538  98.4160 0001450 337.6000 111.9840 15.06407123047847
STARLINK-1369
1 45082U 19074A   25180.50000000  .00002182  00000+0  16770-3 0  9997
2 45082  53.0538 104.5530 0001450 338.3000 129.8970 15.06408123047973
STARLINK-1370
1 45083U 19074A   25180.50000000  .00002182  00000+0  16770-3 0  9998
2 45083  53.0538 110.6900 0001450 339.0000 147.8100 15.06409123048103
STARLINK-1371
1 45084U 19074A   25180.50000000  .00002182  00000+0  16770-3 0  9999
2 45084  53.0538 116.8270 0001450 339.7000 165.7230 15.06410123048238
STARLINK-1372
1 45085U 19074A   25180.50000000  .00002182  00000+0  16770-3 0  9990
2 45085  53.0538 122.9640 0001450 340.4000 183.6360 15.06411123048365
STARLINK-1373
1 45086U 19074A   25180.50000000  .00002182  00000+0  16770-3 0  9991
2 45086  53.0538 129.1010 0001450 341.1000 201.5490 15.06412123048493
STARLINK-1374
1 45087U 19074A   25180.50000000  .00002182  00000+0  16770-3 0  9992
2 45087  53.0538 135.2380 0001450 341.8000 219.4620 15.06413123048628
STARLINK-1375
1 45088U 19074A   25180.50000000  .00002182  00000+0  16770-3 0  9993
2 45088  53.0538 141.3750 0001450 342.5000 237.3750 15.06414123048754
STARLINK-1376
1 45089U 19074A   25180.50000000  .00002182  00000+0  16770-3 0  9994
2 45089  53.0538 147.5120 0001450 343.2000 255.2880 15.06415123048880
STARLINK-1377
1 45090U 19074A   25180.50000000  .00002182  00000+0  16770-3 0  9996
2 45090  53.0538 153.6490 0001450 343.9000 273.2010 15.06416123049019
STARLINK-1378
1 45091U 19074A   25180.50000000  .00002182  00000+0  16770-3 0  9997
2 45091  53.0538 159.7860 0001450 344.6000 291.1140 15.06417123049144
STARLINK-1379
1 45092U 19074A   25180.50000000  .00002182  00000+0  16770-3 0  9998
2 45092  53.0538 165.9230 0001450 345.3000 309.0270 15.06418123049271
STARLINK-1380
1 45093U 19074A   25180.50000000  .00002182  00000+0  16770-3 0  9999
2 45093  53.0538 172.0600 0001450 346.0000 326.9400 15.06419123049409
STARLINK-1381
1 45094U 19074A   25180.50000000  .00002182  00000+0  16770-3 0  9990
2 45094  53.0538 178.1970 0001450 346.7000 344.8530 15.06420123049533
STARLINK-1382
1 45095U 19074A   25180.50000000  .00002182  00000+0  16770-3 0  9991
2 45095  53.0538 184.3340 0001450 347.4000   2.7660 15.06421123049661
STARLINK-1383
1 45096U 19074A   25180.50000000  .00002182  00000+0  16770-3 0  9992
2 45096  53.0538 190.4710 0001450 348.1000  20.6790 15.06422123049797
STARLINK-1384
1 45097U 19074A   25180.50000000  .00002182  00000+0  16770-3 0  9993
2 45097  53.0538 196.6080 0001450 348.8000  38.5920 15.06423123049922
STARLINK-1385
1 45098U 19074A   25180.50000000  .00002182  00000+0  16770-3 0  9994
2 45098  53.0538 202.7450 0001450 349.5000  56.5050 15.06424123050052
STARLINK-1386
1 45099U 19074A   25180.50000000  .00002182  00000+0  16770-3 0  9995
2 45099  53.0538 208.8820 0001450 350.2000  74.4180 15.06425123050188
STARLINK-1387
1 45100U 19074A   25180.50000000  .00002182  00000+0  16770-3 0  9998
2 45100  53.0538 215.0190 0001450 350.9000  92.3310 15.06426123050318
STARLINK-1388
1 45101U 19074A   25180.50000000  .00002182  00000+0  16770-3 0  9999
2 45101  53.0538 221.1560 0001450 351.6000 110.2440 15.06427123050445
STARLINK-1389
1 45102U 19074A   25180.50000000  .00002182  00000+0  16770-3 0  9990
2 45102  53.0538 227.2930 0001450 352.3000 128.1570 15.06428123050579
STARLINK-1390
1 45103U 19074A   25180.50000000  .00002182  00000+0  16770-3 0  9991
2 45103  53.0538 233.4300 0001450 353.0000 146.0700 15.06429123050708
STARLINK-1391
1 45104U 19074A   25180.50000000  .00002182  00000+0  16770-3 0  9992
2 45104  53.0538 239.5670 0001450 353.7000 163.9830 15.06430123050831
STARLINK-1392
1 45105U 19074A   25180.50000000  .00002182  00000+0  16770-3 0  9993
2 45105  53.0538 245.7040 0001450 354.4000 181.8960 15.06431123050968
STARLINK-1393
1 45106U 19074A   25180.50000000  .00002182  00000+0  16770-3 0  9994
2 45106  53.0538 251.8410 0001450 355.1000 199.8090 15.06432123051095
STARLINK-1394
1 45107U 19074A   25180.50000000  .00002182  00000+0  16770-3 0  9995
2 45107  53.0538 257.9780 0001450 355.8000 217.7220 15.06433123051221
STARLINK-1395
1 45108U 19074A   25180.50000000  .00002182  00000+0  16770-3 0  9996
2 45108  53.0538 264.1150 0001450 356.5000 235.6350 15.06434123051359
STARLINK-1396
1 45109U 19074A   25180.50000000  .00002182  00000+0  16770-3 0  9997
2 45109  53.0538 270.2520 0001450 357.2000 253.5480 15.06435123051485
STARLINK-1397
1 45110U 19074A   25180.50000000  .00002182  00000+0  16770-3 0  9999
2 45110  53.0538 276.3890 0001450 357.9000 271.4610 15.06436123051611
STARLINK-1398
1 45111U 19074A   25180.50000000  .00002182  00000+0  16770-3 0  9990
2 45111  53.0538 282.5260 0001450 358.6000 289.3740 15.06437123051747
STARLINK-1399
1 45112U 19074A   25180.50000000  .00002182  00000+0  16770-3 0  9991
2 45112  53.0538 288.6630 0001450 359.3000 307.2870 15.06438123051873
STARLINK-1400
1 45113U 19074A   25180.50000000  .00002182  00000+0  16770-3 0  9992
2 45113  53.0538 294.8000 0001450   0.0000 325.2000 15.06389123052000
STARLINK-1401
1 45114U 19074A   25180.50000000  .00002182  00000+0  16770-3 0  9993
2 45114  53.0538 300.9370 0001450   0.7000 343.1130 15.06390123052136
STARLINK-1402
1 45115U 19074A   25180.50000000  .00002182  00000+0  16770-3 0  9994
2 45115  53.0538 307.0740 0001450   1.4000   1.0260 15.06391123052263
STARLINK-1403
1 45116U 19074A   25180.50000000  .00002182  00000+0  16770-3 0  9995
2 45116  53.0538 313.2110 0001450   2.1000  18.9390 15.06392123052398
STARLINK-1404
1 45117U 19074A   25180.50000000  .00002182  00000+0  16770-3 0  9996
2 45117  53.0538 319.3480 0001450   2.8000  36.8520 15.06393123052523
STARLINK-1405
1 45118U 19074A   25180.50000000  .00002182  00000+0  16770-3 0  9997
2 45118  53.0538 325.4850 0001450   3.5000  54.7650 15.06394123052659
STARLINK-1406
1 45119U 19074A   25180.50000000  .00002182  00000+0  16770-3 0  9998
2 45119  53.0538 331.6220 0001450   4.2000  72.6780 15.06395123052786
STARLINK-1407
1 45120U 19074A   25180.50000000  .00002182  00000+0  16770-3 0  9990
2 45120  53.0538 337.7590 0001450   4.9000  90.5910 15.06396123052912
STARLINK-1408
1 45121U 19074A   25180.50000000  .00002182  00000+0  16770-3 0  9991
2 45121  53.0538 343.8960 0001450   5.6000 108.5040 15.06397123053040
STARLINK-1409
1 45122U 19074A   25180.50000000  .00002182  00000+0  16770-3 0  9992
2 45122  53.0538 350.0330 0001450   6.3000 126.4170 15.06398123053178
STARLINK-1410
1 45123U 19074A   25180.50000000  .00002182  00000+0  16770-3 0  9993
2 45123  53.0538 356.1700 0001450   7.0000 144.3300 15.06399123053305
STARLINK-1411
1 45124U 19074A   25180.50000000  .00002182  00000+0  16770-3 0  9994
2 45124  53.0538   2.3070 0001450   7.7000 162.2430 15.06400123053433
STARLINK-1412
1 45125U 19074A   25180.50000000  .00002182  00000+0  16770-3 0  9995
2 45125  53.0538   8.4440 0001450   8.4000 180.1560 15.06401123053568
STARLINK-1413
1 45126U 19074A   25180.50000000  .00002182  00000+0  16770-3 0  9996
2 45126  53.0538  14.5810 0001450   9.1000 198.0690 15.06402123053693
STARLINK-1414
1 45127U 19074A   25180.50000000  .00002182  00000+0  16770-3 0  9997
2 45127  53.0538  20.7180 0001450   9.8000 215.9820 15.06403123053820
STARLINK-1415
1 45128U 19074A   25180.50000000  .00002182  00000+0  16770-3 0  9998
2 45128  53.0538  26.8550 0001450  10.5000 233.8950 15.06404123053956
STARLINK-1416
1 45129U 19074A   25180.50000000  .00002182  00000+0  16770-3 0  9999
2 45129  53.0538  32.9920 0001450  11.2000 251.8080 15.06405123054084
STARLINK-1417
1 45130U 19074A   25180.50000000  .00002182  00000+0  16770-3 0  9991
2 45130  53.0538  39.1290 0001450  11.9000 269.7210 15.06406123054211
STARLINK-1418
1 45131U 19074A   25180.50000000  .00002182  00000+0  16770-3 0  9992
2 45131  53.0538  45.2660 0001450  12.6000 287.6340 15.06407123054347
STARLINK-1419
1 45132U 19074A   25180.50000000  .00002182  00000+0  16770-3 0  9993
2 45132  53.0538  51.4030 0001450  13.3000 305.5470 15.06408123054475
STARLINK-1420
1 45133U 19074A   25180.50000000  .00002182  00000+0  16770-3 0  9994
2 45133  53.0538  57.5400 0001450  14.0000 323.4600 15.06409123054602
STARLINK-1421
1 45134U 19074A   25180.50000000  .00002182  00000+0  16770-3 0  9995
2 45134  53.0538  63.6770 0001450  14.7000 341.3730 15.06410123054737
STARLINK-1422
1 45135U 19074A   25180.50000000  .00002182  00000+0  16770-3 0  9996
2 45135  53.0538  69.8140 0001450  15.4000 359.2860 15.06411123054862
STARLINK-1423
1 45136U 19074A   25180.50000000  .00002182  00000+0  16770-3 0  9997
2 45136  53.0538  75.9510 0001450  16.1000  17.1990 15.06412123054999
STARLINK-1424
1 45137U 19074A   25180.50000000  .00002182  00000+0  16770-3 0  9998
2 45137  53.0538  82.0880 0001450  16.8000  35.1120 15.06413123055128
STARLINK-1425
1 45138U 19074A   25180.50000000  .00002182  00000+0  16770-3 0  9999
2 45138  53.0538  88.2250 0001450  17.5000  53.0250 15.06414123055254
STARLINK-1426
1 45139U 19074A   25180.50000000  .00002182  00000+0  16770-3 0  9990
2 45139  53.0538  94.3620 0001450  18.2000  70.9380 15.06415123055389
STARLINK-1427
1 45140U 19074A   25180.50000000  .00002182  00000+0  16770-3 0  9992
2 45140  53.0538 100.4990 0001450  18.9000  88.8510 15.06416123055516
STARLINK-1428
1 45141U 19074A   25180.50000000  .00002182  00000+0  16770-3 0  9993
2 45141  53.0538 106.6360 0001450  19.6000 106.7640 15.06417123055643
STARLINK-1429
1 45142U 19074A   25180.50000000  .00002182  00000+0  16770-3 0  9994
2 45142  53.0538 112.7730 0001450  20.3000 124.6770 15.06418123055770
STARLINK-1430
1 45143U 19074A   25180.50000000  .00002182  00000+0  16770-3 0  9995
2 45143  53.0538 118.9100 0001450  21.0000 142.5900 15.06419123055908
STARLINK-1431
1 45144U 19074A   25180.50000000  .00002182  00000+0  16770-3 0  9996
2 45144  53.0538 125.0470 0001450  21.7000 160.5030 15.06420123056036
STARLINK-1432
1 45145U 19074A   25180.50000000  .00002182  00000+0  16770-3 0  9997
2 45145  53.0538 131.1840 0001450  22.4000 178.4160 15.06421123056161
STARLINK-1433
1 45146U 19074A   25180.50000000  .00002182  00000+0  16770-3 0  9998
2 45146  53.0538 137.3210 0001450  23.1000 196.3290 15.06422123056297
STARLINK-1434
1 45147U 19074A   25180.50000000  .00002182  00000+0  16770-3 0  9999
2 45147  53.0538 143.4580 0001450  23.8000 214.2420 15.06423123056424
STARLINK-1435
1 45148U 19074A   25180.50000000  .00002182  00000+0  16770-3 0  9990
2 45148  53.0538 149.5950 0001450  24.5000 232.1550 15.06424123056559
STARLINK-1436
1 45149U 19074A   25180.50000000  .00002182  00000+0  16770-3 0  9991
2 45149  53.0538 155.7320 0001450  25.2000 250.0680 15.06425123056686
STARLINK-1437
1 45150U 19074A   25180.50000000  .00002182  00000+0  16770-3 0  9993
2 45150  53.0538 161.8690 0001450  25.9000 267.9810 15.06426123056811
STARLINK-1438
1 45151U 19074A   25180.50000000  .00002182  00000+0  16770-3 0  9994
2 45151  53.0538 168.0060 0001450  26.6000 285.8940 15.06427123056948
STARLINK-1439
1 45152U 19074A   25180.50000000  .00002182  00000+0  16770-3 0  9995
2 45152  53.0538 174.1430 0001450  27.3000 303.8070 15.06428123057077
STARLINK-1440
1 45153U 19074A   25180.50000000  .00002182  00000+0  16770-3 0  9996
2 45153  53.0538 180.2800 0001450  28.0000 321.7200 15.06429123057205
STARLINK-1441
1 45154U 19074A   25180.50000000  .00002182  00000+0  16770-3 0  9997
2 45154  53.0538 186.4170 0001450  28.7000 339.6330 15.06430123057339
STARLINK-1442
1 45155U 19074A   25180.50000000  .00002182  00000+0  16770-3 0  9998
2 45155  53.0538 192.5540 0001450  29.4000 357.5460 15.06431123057465
STARLINK-1443
1 45156U 19074A   25180.50000000  .00002182  00000+0  16770-3 0  9999
2 45156  53.0538 198.6910 0001450  30.1000  15.4590 15.06432123057592
STARLINK-1444
1 45157U 19074A   25180.50000000  .00002182  00000+0  16770-3 0  9990
2 45157  53.0538 204.8280 0001450  30.8000  33.3720 15.06433123057720
STARLINK-1445
1 45158U 19074A   25180.50000000  .00002182  00000+0  16770-3 0  9991
2 45158  53.0538 210.9650 0001450  31.5000  51.2850 15.06434123057856
STARLINK-1446
1 45159U 19074A   25180.50000000  .00002182  00000+0  16770-3 0  9992
2 45159  53.0538 217.1020 0001450  32.2000  69.1980 15.06435123057982
STARLINK-1447
1 45160U 19074A   25180.50000000  .00002182  00000+0  16770-3 0  9994
2 45160  53.0538 223.2390 0001450  32.9000  87.1110 15.06436123058111
STARLINK-1448
1 45161U 19074A   25180.50000000  .00002182  00000+0  16770-3 0  9995
2 45161  53.0538 229.3760 0001450  33.6000 105.0240 15.06437123058247
STARLINK-1449
1 45162U 19074A   25180.50000000  .00002182  00000+0  16770-3 0  9996
2 45162  53.0538 235.5130 0001450  34.3000 122.9370 15.06438123058373
STARLINK-1450
1 45163U 19074A   25180.50000000  .00002182  00000+0  16770-3 0  9997
2 45163  53.0538 241.6500 0001450  35.0000 140.8500 15.06389123058505
STARLINK-1451
1 45164U 19074A   25180.50000000  .00002182  00000+0  16770-3 0  9998
2 45164  53.0538 247.7870 0001450  35.7000 158.7630 15.06390123058638
STARLINK-1452
1 45165U 19074A   25180.50000000  .00002182  00000+0  16770-3 0  9999
2 45165  53.0538 253.9240 0001450  36.4000 176.6760 15.06391123058765
STARLINK-1453
1 45166U 19074A   25180.50000000  .00002182  00000+0  16770-3 0  9990
2 45166  53.0538 260.0610 0001450  37.1000 194.5890 15.06392123058892
STARLINK-1454
1 45167U 19074A   25180.50000000  .00002182  00000+0  16770-3 0  9991
2 45167  53.0538 266.1980 0001450  37.8000 212.5020 15.06393123059020
STARLINK-1455
1 45168U 19074A   25180.50000000  .00002182  00000+0  16770-3 0  9992
2 45168  53.0538 272.3350 0001450  38.5000 230.4150 15.06394123059157
STARLINK-1456
1 45169U 19074A   25180.50000000  .00002182  00000+0  16770-3 0  9993
2 45169  53.0538 278.4720 0001450  39.2000 248.3280 15.06395123059281
STARLINK-1457
1 45170U 19074A   25180.50000000  .00002182  00000+0  16770-3 0  9995
2 45170  53.0538 284.6090 0001450  39.9000 266.2410 15.06396123059419
STARLINK-1458
1 45171U 19074A   25180.50000000  .00002182  00000+0  16770-3 0  9996
2 45171  53.0538 290.7460 0001450  40.6000 284.1540 15.06397123059546
STARLINK-1459
1 45172U 19074A   25180.50000000  .00002182  00000+0  16770-3 0  9997
2 45172  53.0538 296.8830 0001450  41.3000 302.0670 15.06398123059672
STARLINK-1460
1 45173U 19074A   25180.50000000  .00002182  00000+0  16770-3 0  9998
2 45173  53.0538 303.0200 0001450  42.0000 319.9800 15.06399123059801
STARLINK-1461
1 45174U 19074A   25180.50000000  .00002182  00000+0  16770-3 0  9999
2 45174  53.0538 309.1570 0001450  42.7000 337.8930 15.06400123059936
STARLINK-1462
1 45175U 19074A   25180.50000000  .00002182  00000+0  16770-3 0  9990
2 45175  53.0538 315.2940 0001450  43.4000 355.8060 15.06401123060065
STARLINK-1463
1 45176U 19074A   25180.50000000  .00002182  00000+0  16770-3 0  9991
2 45176  53.0538 321.4310 0001450  44.1000  13.7190 15.06402123060193
STARLINK-1464
1 45177U 19074A   25180.50000000  .00002182  00000+0  16770-3 0  9992
2 45177  53.0538 327.5680 0001450  44.8000  31.6320 15.06403123060328
STARLINK-1465
1 45178U 19074A   25180.50000000  .00002182  00000+0  16770-3 0  9993
2 45178  53.0538 333.7050 0001450  45.5000  49.5450 15.06404123060454
STARLINK-1466
1 45179U 19074A   25180.50000000  .00002182  00000+0  16770-3 0  9994
2 45179  53.0538 339.8420 0001450  46.2000  67.4580 15.06405123060589
STARLINK-1467
1 45180U 19074A   25180.50000000  .00002182  00000+0  16770-3 0  9996
2 45180  53.0538 345.9790 0001450  46.9000  85.3710 15.06406123060716
STARLINK-1468
1 45181U 19074A   25180.50000000  .00002182  00000+0  16770-3 0  9997
2 45181  53.0538 352.1160 0001450  47.6000 103.2840 15.06407123060845
STARLINK-1469
1 45182U 19074A   25180.50000000  .00002182  00000+0  16770-3 0  9998
2 45182  53.0538 358.2530 0001450  48.3000 121.1970 15.06408123060970
STARLINK-1470
1 45183U 19074A   25180.50000000  .00002182  00000+0  16770-3 0  9999
2 45183  53.0538   4.3900 0001450  49.0000 139.1100 15.06409123061100
STARLINK-1471
1 45184U 19074A   25180.50000000  .00002182  00000+0  16770-3 0  9990
2 45184  53.0538  10.5270 0001450  49.7000 157.0230 15.06410123061236
STARLINK-1472
1 45185U 19074A   25180.50000000  .00002182  00000+0  16770-3 0  9991
2 45185  53.0538  16.6640 0001450  50.4000 174.9360 15.06411123061361
STARLINK-1473
1 45186U 19074A   25180.50000000  .00002182  00000+0  16770-3 0  9992
2 45186  53.0538  22.8010 0001450  51.1000 192.8490 15.06412123061498
STARLINK-1474
1 45187U 19074A   25180.50000000  .00002182  00000+0  16770-3 0  9993
2 45187  53.0538  28.9380 0001450  51.8000 210.7620 15.06413123061624
STARLINK-1475
1 45188U 19074A   25180.50000000  .00002182  00000+0  16770-3 0  9994
2 45188  53.0538  35.0750 0001450  52.5000 228.6750 15.06414123061750
STARLINK-1476
1 45189U 19074A   25180.50000000  .00002182  00000+0  16770-3 0  9995
2 45189  53.0538  41.2120 0001450  53.2000 246.5880 15.06415123061887
STARLINK-1477
1 45190U 19074A   25180.50000000  .00002182  00000+0  16770-3 0  9997
2 45190  53.0538  47.3490 0001450  53.9000 264.5010 15.06416123062015
STARLINK-1478
1 45191U 19074A   25180.50000000  .00002182  00000+0  16770-3 0  9998
2 45191  53.0538  53.4860 0001450  54.6000 282.4140 15.06417123062141
STARLINK-1479
1 45192U 19074A   25180.50000000  .00002182  00000+0  16770-3 0  9999
2 45192  53.0538  59.6230 0001450  55.3000 300.3270 15.06418123062278
STARLINK-1480
1 45193U 19074A   25180.50000000  .00002182  00000+0  16770-3 0  9990
2 45193  53.0538  65.7600 0001450  56.0000 318.2400 15.06419123062405
STARLINK-1481
1 45194U 19074A   25180.50000000  .00002182  00000+0  16770-3 0  9991
2 45194  53.0538  71.8970 0001450  56.7000 336.1530 15.06420123062530
STARLINK-1482
1 45195U 19074A   25180.50000000  .00002182  00000+0  16770-3 0  9992
2 45195  53.0538  78.0340 0001450  57.4000 354.0660 15.06421123062667
STARLINK-1483
1 45196U 19074A   25180.50000000  .00002182  00000+0  16770-3 0  9993
2 45196  53.0538  84.1710 0001450  58.1000  11.9790 15.06422123062793
STARLINK-1484
1 45197U 19074A   25180.50000000  .00002182  00000+0  16770-3 0  9994
2 45197  53.0538  90.3080 0001450  58.8000  29.8920 15.06423123062929
STARLINK-1485
1 45198U 19074A   25180.50000000  .00002182  00000+0  16770-3 0  9995
2 45198  53.0538  96.4450 0001450  59.5000  47.8050 15.06424123063056
STARLINK-1486
1 45199U 19074A   25180.50000000  .00002182  00000+0  16770-3 0  9996
2 45199  53.0538 102.5820 0001450  60.2000  65.7180 15.06425123063184
STARLINK-1487
1 45200U 19074A   25180.50000000  .00002182  00000+0  16770-3 0  9999
2 45200  53.0538 108.7190 0001450  60.9000  83.6310 15.06426123063312
STARLINK-1488
1 45201U 19074A   25180.50000000  .00002182  00000+0  16770-3 0  9990
2 45201  53.0538 114.8560 0001450  61.6000 101.5440 15.06427123063449
STARLINK-1489
1 45202U 19074A   25180.50000000  .00002182  00000+0  16770-3 0  9991
2 45202  53.0538 120.9930 0001450  62.3000 119.4570 15.06428123063574
STARLINK-1490
1 45203U 19074A   25180.50000000  .00002182  00000+0  16770-3 0  9992
2 45203  53.0538 127.1300 0001450  63.0000 137.3700 15.06429123063703
STARLINK-1491
1 45204U 19074A   25180.50000000  .00002182  00000+0  16770-3 0  9993
2 45204  53.0538 133.2670 0001450  63.7000 155.2830 15.06430123063838
STARLINK-1492
1 45205U 19074A   25180.50000000  .00002182  00000+0  16770-3 0  9994
2 45205  53.0538 139.4040 0001450  64.4000 173.1960 15.06431123063964
STARLINK-1493
1 45206U 19074A   25180.50000000  .00002182  00000+0  16770-3 0  9995
2 45206  53.0538 145.5410 0001450  65.1000 191.1090 15.06432123064092
STARLINK-1494
1 45207U 19074A   25180.50000000  .00002182  00000+0  16770-3 0  9996
2 45207  53.0538 151.6780 0001450  65.8000 209.0220 15.06433123064228
STARLINK-1495
1 45208U 19074A   25180.50000000  .00002182  00000+0  16770-3 0  9997
2 45208  53.0538 157.8150 0001450  66.5000 226.9350 15.06434123064353
STARLINK-1496
1 45209U 19074A   25180.50000000  .00002182  00000+0  16770-3 0  9998
2 45209  53.0538 163.9520 0001450  67.2000 244.8480 15.06435123064489
STARLINK-1497
1 45210U 19074A   25180.50000000  .00002182  00000+0  16770-3 0  9990
2 45210  53.0538 170.0890 0001450  67.9000 262.7610 15.06436123064617
STARLINK-1498
1 45211U 19074A   25180.50000000  .00002182  00000+0  16770-3 0  9991
2 45211  53.0538 176.2260 0001450  68.6000 280.6740 15.06437123064743
STARLINK-1499
1 45212U 19074A   25180.50000000  .00002182  00000+0  16770-3 0  9992
2 45212  53.0538 182.3630 0001450  69.3000 298.5870 15.06438123064878
STARLINK-1500
1 45213U 19074A   25180.50000000  .00002182  00000+0  16770-3 0  9993
2 45213  53.0538 188.5000 0001450  70.0000 316.5000 15.06389123065004
STARLINK-1501
1 45214U 19074A   25180.50000000  .00002182  00000+0  16770-3 0  9994
2 45214  53.0538 194.6370 0001450  70.7000 334.4130 15.06390123065139
STARLINK-1502
1 45215U 19074A   25180.50000000  .00002182  00000+0  16770-3 0  9995
2 45215  53.0538 200.7740 0001450  71.4000 352.3260 15.06391123065266
STARLINK-1503
1 45216U 19074A   25180.50000000  .00002182  00000+0  16770-3 0  9996
2 45216  53.0538 206.9110 0001450  72.1000  10.2390 15.06392123065393
STARLINK-1504
1 45217U 19074A   25180.50000000  .00002182  00000+0  16770-3 0  9997
2 45217  53.0538 213.0480 0001450  72.8000  28.1520 15.06393123065529
STARLINK-1505
1 45218U 19074A   25180.50000000  .00002182  00000+0  16770-3 0  9998
2 45218  53.0538 219.1850 0001450  73.5000  46.0650 15.06394123065654
STARLINK-1506
1 45219U 19074A   25180.50000000  .00002182  00000+0  16770-3 0  9999
2 45219  53.0538 225.3220 0001450  74.2000  63.9780 15.06395123065780
STARLINK-1507
1 45220U 19074A   25180.50000000  .00002182  00000+0  16770-3 0  9991
2 45220  53.0538 231.4590 0001450  74.9000  81.8910 15.06396123065917
STARLINK-1508
1 45221U 19074A   25180.50000000  .00002182  00000+0  16770-3 0  9992
2 45221  53.0538 237.5960 0001450  75.6000  99.8040 15.06397123066043
STARLINK-1509
1 45222U 19074A   25180.50000000  .00002182  00000+0  16770-3 0  9993
2 45222  53.0538 243.7330 0001450  76.3000 117.7170 15.06398123066171
STARLINK-1510
1 45223U 19074A   25180.50000000  .00002182  00000+0  16770-3 0  9994
2 45223  53.0538 249.8700 0001450  77.0000 135.6300 15.06399123066308
STARLINK-1511
1 45224U 19074A   25180.50000000  .00002182  00000+0  16770-3 0  9995
2 45224  53.0538 256.0070 0001450  77.7000 153.5430 15.06400123066436
STARLINK-1512
1 45225U 19074A   25180.50000000  .00002182  00000+0  16770-3 0  9996
2 45225  53.0538 262.1440 0001450  78.4000 171.4560 15.06401123066562
STARLINK-1513
1 45226U 19074A   25180.50000000  .00002182  00000+0  16770-3 0  9997
2 45226  53.0538 268.2810 0001450  79.1000 189.3690 15.06402123066696
STARLINK-1514
1 45227U 19074A   25180.50000000  .00002182  00000+0  16770-3 0  9998
2 45227  53.0538 274.4180 0001450  79.8000 207.2820 15.06403123066824
STARLINK-1515
1 45228U 19074A   25180.50000000  .00002182  00000+0  16770-3 0  9999
2 45228  53.0538 280.5550 0001450  80.5000 225.1950 15.06404123066951
STARLINK-1516
1 45229U 19074A   25180.50000000  .00002182  00000+0  16770-3 0  9990
2 45229  53.0538 286.6920 0001450  81.2000 243.1080 15.06405123067088
STARLINK-1517
1 45230U 19074A   25180.50000000  .00002182  00000+0  16770-3 0  9992
2 45230  53.0538 292.8290 0001450  81.9000 261.0210 15.06406123067216
STARLINK-1518
1 45231U 19074A   25180.50000000  .00002182  00000+0  16770-3 0  9993
2 45231  53.0538 298.9660 0001450  82.6000 278.9340 15.06407123067349
STARLINK-1519
1 45232U 19074A   25180.50000000  .00002182  00000+0  16770-3 0  9994
2 45232  53.0538 305.1030 0001450  83.3000 296.8470 15.06408123067478
STARLINK-1520
1 45233U 19074A   25180.50000000  .00002182  00000+0  16770-3 0  9995
2 45233  53.0538 311.2400 0001450  84.0000 314.7600 15.06409123067607
STARLINK-1521
1 45234U 19074A   25180.50000000  .00002182  00000+0  16770-3 0  9996
2 45234  53.0538 317.3770 0001450  84.7000 332.6730 15.06410123067731
STARLINK-1522
1 45235U 19074A   25180.50000000  .00002182  00000+0  16770-3 0  9997
2 45235  53.0538 323.5140 0001450  85.4000 350.5860 15.06411123067868
STARLINK-1523
1 45236U 19074A   25180.50000000  .00002182  00000+0  16770-3 0  9998
2 45236  53.0538 329.6510 0001450  86.1000   8.4990 15.06412123067993
STARLINK-1524
1 45237U 19074A   25180.50000000  .00002182  00000+0  16770-3 0  9999
2 45237  53.0538 335.7880 0001450  86.8000  26.4120 15.06413123068121
STARLINK-1525
1 45238U 19074A   25180.50000000  .00002182  00000+0  16770-3 0  9990
2 45238  53.0538 341.9250 0001450  87.5000  44.3250 15.06414123068258
STARLINK-1526
1 45239U 19074A   25180.50000000  .00002182  00000+0  16770-3 0  9991
2 45239  53.0538 348.0620 0001450  88.2000  62.2380 15.06415123068384
STARLINK-1527
1 45240U 19074A   25180.50000000  .00002182  00000+0  16770-3 0  9993
2 45240  53.0538 354.1990 0001450  88.9000  80.1510 15.06416123068511
STARLINK-1528
1 45241U 19074A   25180.50000000  .00002182  00000+0  16770-3 0  9994
2 45241  53.0538   0.3360 0001450  89.6000  98.0640 15.06417123068648
STARLINK-1529
1 45242U 19074A   25180.50000000  .00002182  00000+0  16770-3 0  9995
2 45242  53.0538   6.4730 0001450  90.3000 115.9770 15.06418123068774
STARLINK-1530
1 45243U 19074A   25180.50000000  .00002182  00000+0  16770-3 0  9996
2 45243  53.0538  12.6100 0001450  91.0000 133.8900 15.06419123068903
STARLINK-1531
1 45244U 19074A   25180.50000000  .00002182  00000+0  16770-3 0  9997
2 45244  53.0538  18.7470 0001450  91.7000 151.8030 15.06420123069039
STARLINK-1532
1 45245U 19074A   25180.50000000  .00002182  00000+0  16770-3 0  9998
2 45245  53.0538  24.8840 0001450  92.4000 169.7160 15.06421123069164
STARLINK-1533
1 45246U 19074A   25180.50000000  .00002182  00000+0  16770-3 0  9999
2 45246  53.0538  31.0210 0001450  93.1000 187.6290 15.06422123069292
STARLINK-1534
1 45247U 19074A   25180.50000000  .00002182  00000+0  16770-3 0  9990
2 45247  53.0538  37.1580 0001450  93.8000 205.5420 15.06423123069428
STARLINK-1535
1 45248U 19074A   25180.50000000  .00002182  00000+0  16770-3 0  9991
2 45248  53.0538  43.2950 0001450  94.5000 223.4550 15.06424123069554
STARLINK-1536
1 45249U 19074A   25180.50000000  .00002182  00000+0  16770-3 0  9992
2 45249  53.0538  49.4320 0001450  95.2000 241.3680 15.06425123069680
STARLINK-1537
1 45250U 19074A   25180.50000000  .00002182  00000+0  16770-3 0  9994
2 45250  53.0538  55.5690 0001450  95.9000 259.2810 15.06426123069816
STARLINK-1538
1 45251U 19074A   25180.50000000  .00002182  00000+0  16770-3 0  9995
2 45251  53.0538  61.7060 0001450  96.6000 277.1940 15.06427123069943
STARLINK-1539
1 45252U 19074A   25180.50000000  .00002182  00000+0  16770-3 0  9996
2 45252  53.0538  67.8430 0001450  97.3000 295.1070 15.06428123070071
STARLINK-1540
1 45253U 19074A   25180.50000000  .00002182  00000+0  16770-3 0  9997
2 45253  53.0538  73.9800 0001450  98.0000 313.0200 15.06429123070200
STARLINK-1541
1 45254U 19074A   25180.50000000  .00002182  00000+0  16770-3 0  9998
2 45254  53.0538  80.1170 0001450  98.7000 330.9330 15.06430123070336
STARLINK-1542
1 45255U 19074A   25180.50000000  .00002182  00000+0  16770-3 0  9999
2 45255  53.0538  86.2540 0001450  99.4000 348.8460 15.06431123070460
STARLINK-1543
1 45256U 19074A   25180.50000000  .00002182  00000+0  16770-3 0  9990
2 45256  53.0538  92.3910 0001450 100.1000   6.7590 15.06432123070599
STARLINK-1544
1 45257U 19074A   25180.50000000  .00002182  00000+0  16770-3 0  9991
2 45257  53.0538  98.5280 0001450 100.8000  24.6720 15.06433123070725
STARLINK-1545
1 45258U 19074A   25180.50000000  .00002182  00000+0  16770-3 0  9992
2 45258  53.0538 104.6650 0001450 101.5000  42.5850 15.06434123070852
STARLINK-1546
1 45259U 19074A   25180.50000000  .00002182  00000+0  16770-3 0  9993
2 45259  53.0538 110.8020 0001450 102.2000  60.4980 15.06435123070989
STARLINK-1547
1 45260U 19074A   25180.50000000  .00002182  00000+0  16770-3 0  9995
2 45260  53.0538 116.9390 0001450 102.9000  78.4110 15.06436123071116
STARLINK-1548
1 45261U 19074A   25180.50000000  .00002182  00000+0  16770-3 0  9996
2 45261  53.0538 123.0760 0001450 103.6000  96.3240 15.06437123071243
STARLINK-1549
1 45262U 19074A   25180.50000000  .00002182  00000+0  16770-3 0  9997
2 45262  53.0538 129.2130 0001450 104.3000 114.2370 15.06438123071370
